1334609
1335581
1335450
827
263
604
214010
68
2
11
176137
715
4
107
620318
29
2
17
2609206
147678
42471
151782
4947969
1258561
237205536
66853492
1744998
299451
234883200
11341227
9087219
2699929
230505808
158591872
144904
1216954
3510658
870170
43923
297161
3502235
167607
304253
2735359
3452200
2025665
4895133
450390
19464056
6221136
1765692
174539
19372112
1883309
9122084
795588
19400146
12816473
12
313
5913395
1318
1125
211713888
2821
17811
2
96
2881
-19
15
1647
21362922
1750
1956915
221018448
21391972
113819272
4553777
685235
21408496
7459965
13395283
2611020
13123354
2724352
4444103
2616302
4459451
277201
794509
2613352
798452
3212330
13311720
835066
4816039
883110
13497027
221990
1298529
4876623
831800
27342444
8578753
1764920
296416
27459396
2877669
26885116
1503240
77313896
56523532
5104
512008
13776
7189
10687
1335705
14552
14178
3973447
2228136
35521688
31090144
108046
39770
97655
547852
1533241
583274
46176
115974
53697
807332
78105
121629
8
2603848
2
360129
-47
6
361047
188
97
73
433476
157152
380294
546655
1518431
587102
182452
471336
208887
816797
304607
1084806
641032
210077
3226623
1125042
576828
2254818
728542
302614
2481333
1939794
108690
17672
168430
423869
5081119
3468312
20733
206039
110373
4180556
144390
704760
209506
2889792
427643
5040031
3443185
239878
3640257
2508943
4092739
3175230
454697
143246
1264843
424211
5025903
3455212
125658
1370589
849279
4210993
1042474
1802404
1165923
1984500
10840175
37285608
34957200
6586414
21731220
17093444
735121408
526428192
664854
420441
773717
10985885
35101808
34454504
2527823
8694321
6724962
761548032
190470272
2221692
1508397
2723199
10838205
35439300
34660848
8099654
28306804
22948562
770153408
622676736
36239248
1034948
79335328
42159
2603375
157280
1018164
80780032
8007790
149929
8096269
122022
460028
36303024
46114
2790961
13593294
44889
2768267
13655710
1883519
1848042
455081
84480
10460929
547366
26157482
13741772
95274
7328342
2823253
16334854
2956255
1531728
460690
36190776
543815
25848800
13578350
548551
26199150
13646618
16320810
16723712
495346
303930
1192237
10766809
14870220
13509131
1754813
2611678
1937509
129709136
23969840
3045225
2609109
7454537
10689121
14763333
13333626
10905936
14548067
13188159
131712096
133781632
1808371
1169595
4401572
10866224
14756959
13432374
6593204
9373806
6980527
131189840
91598664
8856981
2355051
216389184
150637280
4904709
1053253
218827232
85152784
5147
509641
5593440
14150
334101
19594320
7074
207114
7209606
764823
311516
2822
381863
4549507
13543
321946
19597270
3589
99305
6895290
667349
317169
8201
916000
10392867
14054
355718
19488596
10964
260135
14527253
753569
627348
297612
84140
639009
529955
424939
5050940
2575429
3421949
1352119
34694836
72431
719890
494389
458541
248789
5242818
4204619
1564521
51001364
32196598
505463
276476
8311012
5402724
50286544
7857859
233967
63787
472439
410193
427325
5062830
2565846
3438577
1356002
34961628
53337
443422
377655
305795
188944
3634920
4135337
1593592
50539724
32808896
336783
208789
5366698
3620927
48602836
10164820
438799
295667
1112944
292312
11068381
14857008
35182708
13258063
34488068
36403416
1270120
2024169
2765255
1571794
1996663
2460128
132844960
721741888
523081056
430138592
15607679
74202896
46154360
33819296
12976477184
1311322752
434558
34
1131606
298531
1123
14805697
35612448
283
2452
35514240
703
2048504
2666304
170
480
2755913
26383
89548
484741344
21115
4638
22630
48497460
-1450
1293479
93081
1801898
1174203
4403895
1971130
10884070
14978186
36521440
13388294
34848888
36159152
6533690
9249656
21882836
6962109
16853902
18131982
139879184
757977216
548874368
428261984
90492408
498618080
373577408
261839024
13710547968
9421735936
1536620
460087
36306968
4529403
549612
26293778
8834466
13525278
3445706
217307856
547334
25970908
8911585
13658859
3489226
218766576
16232294
7424762
512363744
204872560
16476205
7690999
504109440
201900272
500469984
489977696
276431
43950
5941642
281779
551985
25715632
8923444
13614681
3417134
213258208
46559
4329281
444815
1476544
167218
16122748
15576766
7604881
511352672
211201744
1433753
275673
33862264
16766774
487466976
32139870
4917082
1050285
86302
217775072
13666923
3433796
86049520
2701917
906912
201623120
68158280
3791796
683861
57893
209483952
13692626
3407121
52724060
1855291
563480
192704064
50494840
303
20607
254693
14235
341202
19555090
412
13334
365018
812488
25909
640545
221644
1975431
1165524
424343
5180645
2568648
3453189
1358381
34956472
196321
2324905
1186611
1408188
649893
16748437
4153555
1591565
52086644
33145040
1767182
772559
28720874
16668917
49388652
27263392
454775
143848
1262089
828396
426954
5043718
2559491
3463215
1353865
34879156
125213
1385908
812439
866071
425729
9640504
4115564
1593401
50164136
33972680
1147630
500072
16140125
9423274
50199920
16309037
1177695
761325
2834357
218
10666379
14874918
4742
13362109
2779
1965
4644851
6289822
2668
4717752
1899
1140
135114512
121322
66943
36583
63756168
74750
30456
19551
1531283
733561
382462
252738
883728
106
10987395
14963911
4481
13431074
2949
2170
1664731
2200140
694
1548515
631
576
132097208
116118
48651
33363
21671194
23096
8692
11163
1654446
90725
818236
221665
21270454
1982927
548263
25903948
8839512
13628244
3460819
219585696
258163
14487633
3484235
7073811
17480084
7493767
499775488
201381728
8104850
2744684
268625184
107135112
473992224
242171184
