1335793
-7122
800
-3650
205336
-491
23
-10
177255
-232
-70
3971
620457
151
-6
-42
2564527
101711
44794
285937
4541908
1268459
144975488
52076068
1736659
300673
196088384
31590540
8952964
2783338
306242144
76884464
141358
1176930
2123426
1261970
46446
386175
-588066
-1319393
293469
2677827
2787819
2755103
4819730
485117
9309371
9296897
1590314
188984
28726234
-392472
8826149
761219
33140852
11469466
9
-625
5745995
-8197
-4128
159607904
4263
1745640
3
35854
-4891
-504
-19
24922
21147060
14420
1815907
368537984
20703650
170204800
4987870
627653
21708588
7727630
-1407399
2567503
15809274
2658750
1838103
2605811
3893683
282101
408022
2597075
221561
3336991
14887161
809510
4542948
873512
10521142
220151
4956622
4605343
774894
35688544
4893565
1782818
283588
30971832
-3751567
27297856
1494114
98014984
59621652
5870
518898
11292
26493
11455
1314901
41960
652
4138146
2229173
32719622
40637780
103284
48487
108905
660399
1734131
532421
1939
453570
159907
-2195046
764499
126347
9
2512181
1
367842
59
185
374465
-3721
-4859
-133
424878
155669
378003
448778
1277328
572565
177180
343734
87415
1386470
-1787993
1114155
614146
205739
2277859
1151367
291180
2930961
499138
353685
-8353862
4988200
113649
17901
158987
305500
2828324
2728880
22226
-40355
114921
-9785805
-610916
718810
199138
2841732
421823
9082501
2318866
268841
836328
4361528
9259516
-9039719
444540
142972
1198186
11013
6602965
2061053
69055
447470
1181764
17011220
5908614
1763155
1178924
1910629
11129951
40690452
22602464
7433286
5733959
3176351
81364432
164021024
662923
416005
585605
8697914
34763928
41908452
3744439
9449546
1273629
163424096
306637920
2211260
1555134
3002983
12019652
34764768
42475200
7927513
31042804
20900240
786795456
192761632
37533968
1246886
56025648
37986
2652680
125868
1431042
61664168
97872176
121200
72734288
123728
473680
36525184
17381
1880035
13186928
34759
-1369270
12491915
17549104
3502590
457335
83247
10552325
442714
40299128
11345274
82097
4601700
1073135
-15491009
-42207824
1502518
445844
36343300
176768
46403880
15511756
384040
33453052
16023393
82418176
-3038724
458458
305096
1241945
6060886
6041558
23716636
2676753
-1372496
2433097
319069152
-52240860
3121713
2585983
7360747
13398512
18243968
21447896
11803968
17245904
5705980
-118461832
424870016
1841627
1242378
4484650
10585145
9051295
12816228
6747139
8491017
10290231
-11837044
-57388668
8854400
2315405
187821280
86048592
4741915
996035
152175712
129820256
5844
500726
5441389
28879
-19422
11158663
10759
-67589
5677906
8009296
-2395308
2317
395709
4499909
-9105
-285424
30496516
24554
5985
8841831
-1894793
-6363840
8848
893173
10390443
-32082
596841
11381139
3717
980035
15475755
2577910
-8225349
291141
84878
582901
550078
387075
6791855
2535331
5151417
1661048
30407436
191891
-669186
463570
425793
321833
6942592
-2989767
-668150
173868576
-29349900
-13353502
3222586
-24634752
20686314
820278720
-29067554
238954
62959
585621
384248
206643
-1289157
1737999
3266239
561995
25609196
78086
-1345975
61922
1342336
268857
2812735
75715424
9413981
-116791200
85020432
-8787601
-1350511
90966928
22119946
-478818176
244066912
395908
289542
1045310
226178
14178241
20515428
57404696
18683244
51123640
28564760
-4074
2154776
6739615
2487485
7738198
-1969489
268574720
1209547776
498167552
373851808
18542632
-130981136
-150597408
102823032
-102548840448
10572743680
428360
3
1187913
439816
3879
12429917
22977668
2543
17386
44310364
-784
2537138
-3875944
-4916
-17072
7284344
204635
-1635860
914268352
-803947
-87737
582719
-52312112
2497910
-23449560
52836548
1741314
1107433
4221858
1762088
10653222
15505032
49624132
13611811
16177556
49484864
5992866
13371838
8617796
8490249
14968722
7024994
181797504
1452893824
1857293312
130298184
207046320
-22571460
132175376
1427377024
-48272699392
-20944089088
1484107
455354
36064644
4492848
671602
30723340
6986516
15876349
3212056
102264696
579363
23255364
12150207
17303266
2545247
263977600
35122892
4540855
2635037696
-705572032
-19347748
47159204
-104434440
333542656
14637830144
-3631972608
289990
47063
5635651
225386
502507
29366020
8304674
15779754
3080857
241436256
72067
-1291759
1156522
2286535
1252193
54459660
90560560
32329702
-3567728384
-773239168
66637228
12821811
403130688
542353216
15187841024
2451125248
5134731
1020477
85886
286918912
7206081
2525293
9839846
1833734
1317155
189990032
-259909552
4021379
631716
56411
297432096
12777868
1665815
69331328
1141990
537507
1562486400
-16606236
56
18318
205284
56698
410500
18033564
1304
-15386
468049
-6417112
1745111
635730
207002
1902627
1179042
352771
5317223
1191287
2915692
948738
39570336
43964
8900197
1329365
933258
589109
12666954
-33820584
-3068049
-131294080
-65532296
4876510
4163415
208452992
21174030
168094720
133339224
453782
139455
1173585
796870
532551
3979237
2284922
3838545
1860105
13701269
231105
-3715424
1193646
430350
607623
-7691338
-12176818
-1185987
-26236872
100511392
21033772
-121980
44245728
-31323500
-692206528
-307069536
1134750
813121
2875549
236
9513901
14622195
14501
9511932
95
21014
6278912
5515706
-3483
-143444
4075
18675
148822064
-190995
2787230
31135
124064768
889000
-192234
961364
7052442
12041115
392117
261997
844353
65
10831356
7529382
-28288
16701815
9668
58356
3208962
887272
-1363
336725
1317
7596
118326600
290800
490006
-1621402
-58650244
18772
46978
31544
-226811776
-11212617
831133
233629
22065272
2215742
551164
29846460
8089867
10940886
3397073
227600032
123446
18958156
6988694
7901312
2450140
168987888
3425182
236956704
-40748744
18648204
-2149201920
-433926560
32884130
41446740
2130167808
-132874864
3359905792
-9353368576
