1334495
651
259
645
211359
3
0
7
175522
793
19
42
619007
15
9
12
2607892
148205
41565
149054
4915599
1266891
236025667
59597936
1730288
290377
235571450
9956793
9097808
2717568
233385391
157306986
143873
1254529
3459232
853097
44099
304549
3476042
188041
303271
2743166
3472364
2027659
4893980
451049
19366969
6361621
1725301
176415
19409913
1900568
9063416
796214
19484301
12815249
11
2785
5925090
1229
1248
216187987
2263
13535
2
835
3411
14
14
1544
21362459
1060
1988492
217708822
21355604
114170610
4530614
688533
21477989
7458743
13349492
2605845
13430754
2730382
4448432
2610720
4424066
276815
800926
2604049
805979
3208258
13417392
827840
4890943
886033
13352326
223540
1395498
4871984
834480
27244503
8680801
1770058
293640
27374141
2879115
26837178
1504495
80599131
57115172
5184
514507
14213
7042
10441
1337690
14163
14158
3970359
2222748
34331503
31382500
106639
40311
97716
546608
1529515
582835
45353
118177
52691
811317
77367
122090
9
2608881
4
359349
84
3
359314
99
42
47
435489
157799
380460
544504
1529483
583882
186004
473937
208315
826380
308900
1084983
639212
209901
3252082
1111205
583819
2257515
724130
304454
2497291
1930497
108276
17513
163908
424628
5064488
3472846
20973
206307
112227
4266810
149418
705012
209347
2889852
422740
5159561
3465443
238586
3636835
2491430
4177308
3219151
455008
143718
1251497
426729
4971404
3437653
124869
1387239
843386
4183786
1028364
1795985
1170423
1986562
10888951
37084775
34408918
6572134
21956375
16906323
751313736
521140533
667401
420294
776293
10880740
36434390
35292480
2532777
8453794
6610328
734756142
210349801
2222014
1504408
2734310
10923581
36963294
34273744
8153125
27646026
22376000
741910288
626925757
36185718
1037150
79948158
41540
2600954
147370
1061149
80302980
7853122
148645
7762759
122276
460299
36194489
45603
2767293
13577820
45913
2767900
13616105
1833517
1802670
457373
83746
10377794
547136
26027260
13606308
95631
7368391
2848542
16583904
3062835
1536351
460516
36203154
545659
25937569
13734181
546109
25933399
13614692
16300625
16415403
494583
307219
1194241
10801831
14954311
13450530
1839269
2614096
1824950
134498198
23291504
3042406
2612055
7454556
10984793
14795070
13349117
10884196
14825129
13277747
131954629
130961399
1803728
1171121
4395779
10880286
14766438
13331131
6572791
9162162
7040432
129508667
90065986
8864496
2345486
214900131
150845335
4897088
1053472
214168232
84778061
5121
511874
5542357
13968
337766
19514965
6869
163654
7221596
803692
326474
2757
381424
4555789
13613
321018
19522213
3252
101217
6926022
756685
328465
8130
916492
10365647
14394
328532
19532763
10920
278493
14750176
791016
646414
295529
84152
688867
519107
423746
5117935
2571049
3482639
1355793
34878608
71180
727070
494931
427435
244594
5336992
4092954
1590597
50966415
33541368
539931
286769
8157655
5357300
47140095
7638367
234318
64050
476729
412801
425651
5079866
2570994
3474416
1347430
34683551
52694
513039
380349
309635
186467
3478865
4212559
1577811
52324350
33405023
359837
207078
4403023
2932055
47108740
4613348
437428
294766
1128250
295183
10879533
14758634
35906249
13368253
34833210
36071486
1148872
1947770
2525882
1651766
2211762
2331652
132999669
748761342
539429371
435060910
16966986
65387462
53273508
35060492
12889935211
1674013686
435544
37
1130819
298899
1817
14731065
36456380
376
2963
35795831
453
2015628
2835103
98
182
2665148
15794
77889
543452398
31385
3166
39647
46088346
4825
1439341
27286
1800302
1161884
4405310
1985334
10868358
14864078
36053874
13346864
34780267
36324144
6656223
9221476
21459438
7018116
16526096
17887490
132546094
744789956
530632354
444622483
93743619
510124250
362910204
249398760
12597516620
9654034635
1536890
460412
36273229
4525081
546160
26049396
8766066
13602815
3454674
214811602
545278
26243247
8957626
13627089
3450801
214042292
16632952
7429813
494311000
202526334
16342548
7495797
510761962
199837221
489228815
488832101
276359
43742
5936254
300265
549057
26034608
8781799
13644541
3485506
216550243
45739
4348827
466954
1510494
174259
16499017
16447550
7544744
514570539
198686189
1440013
291286
36601504
15156779
493420239
31040776
4921312
1053153
86112
212084631
13612291
3475628
84601927
2708897
895185
204696009
82314132
3793229
681456
58217
216959725
13576155
3466971
53447529
1835001
550507
200440209
50507249
256
20428
249956
14158
322316
19393969
400
9184
363391
806810
18768
641452
221122
1972084
1173596
424107
5046342
2562593
3469959
1350974
34766789
198617
2291742
1200605
1411561
649694
16802028
4115237
1591405
50449292
33169583
1850671
798589
27593021
16250083
49271467
26845685
455221
143560
1240512
827452
425399
4978026
2576306
3459940
1346453
34764268
124173
1372077
827252
850597
429136
10350736
4152198
1574548
49319828
33463447
1028112
504134
16164088
10721101
48507917
15299886
1183955
762318
2836720
192
10782972
14858781
5065
13378286
3335
1926
4625113
6361764
3945
4719131
2365
1071
134234069
88589
53195
32382
65955872
89353
51675
19136
1579214
1063535
377474
252887
886599
97
10853691
14938321
5000
13391639
2923
1848
1630569
2039324
1043
1516796
609
532
134740957
100075
63022
28690
21192348
24402
7640
7836
1500252
255953
813700
221380
21340132
1985218
544813
26128020
8840457
13672936
3498076
220448203
259316
14319884
3556839
7139008
1400884
115561256
16467111
7583222
517661404
202602940
7914272
2923849
266430423
106031877
502654314
258906926
