1335107
715
250
715
211875
22
3
9
176197
715
10
47
620001
22
6
16
2609129
148552
41840
148552
4922359
1253091
235420416
62682312
1726523
299534
235420416
11990578
9092685
2742670
235420416
157041648
143567
1253091
3461792
850677
43838
299534
3461792
179616
303486
2742670
3461792
2031666
4922359
450556
19468012
6333736
1726523
176197
19468012
1931628
9092685
794787
19468012
12738520
11
1242
5935230
1224
1054
215765472
3099
13221
2
1242
3099
33
11
1242
21334720
1224
1970380
215765472
21334720
114182640
4533382
695701
21454166
7451973
13355828
2609129
13355828
2728943
4450853
2609129
4450853
276403
794591
2609129
794591
3211898
13355828
828838
4960867
882675
13355828
221088
1381288
4863613
829639
27322260
8720023
1759319
294635
27322260
2873214
26775476
1508127
80274240
56965400
5181
511921
14102
7176
10544
1334883
14102
14102
3961736
2229308
34863640
31339132
107622
39862
97755
545112
1528236
584222
45776
118187
52944
815636
75440
121863
10
2609129
5
360355
120
4
360355
124
72
72
435634
157251
381320
546205
1528236
584222
185501
474153
207561
815636
305691
1083597
640620
209880
3243070
1118984
584222
2250196
724731
302610
2504990
1919495
108646
17526
164339
424997
5076091
3461792
20716
209492
110975
4168677
150780
705350
209880
2886675
424997
5076091
3461792
238948
3643079
2503305
4168677
3243247
455223
143567
1253091
424997
5076091
3461792
125530
1384108
850677
4168677
1043763
1798330
1170186
1970380
10905021
36413232
34863640
6621484
21795196
16657594
753818880
512575808
669960
420388
777213
10905021
36413232
34863640
2557971
8542397
6670791
753818880
206778512
2220025
1508127
2742670
10905021
36413232
34863640
8193781
27653388
22579666
753818880
625302784
36244344
1038393
80274240
41840
2609129
148552
1038393
80274240
7796926
148552
7796926
121863
459925
36244344
45431
2766914
13626495
45431
2766914
13626495
1831108
1831108
457047
84173
10385830
546205
26038298
13626495
96377
7290341
2840669
16461908
2936093
1533909
459925
36244344
546205
26038298
13626495
546205
26038298
13626495
16461908
16461908
495374
305063
1191990
10905021
14802622
13355828
1816973
2647115
1837455
132317656
24675802
3036719
2609129
7451973
10905021
14802622
13355828
10905021
14802622
13355828
132317656
132317648
1798330
1170186
4402268
10913888
14802622
13355828
6621484
9273829
6991479
132317656
90649856
8861015
2343162
215765472
151179808
4911717
1053171
215765472
84217064
5181
511921
5528038
14102
327572
19468012
7153
169531
7274879
777546
333474
2699
381320
4558886
14102
327572
19468012
3411
95564
6872385
833438
307213
8209
917428
10383441
14102
327572
19468012
10936
272734
14623463
777546
668909
296199
84174
684042
524576
424997
5076091
2565724
3461792
1354883
34863640
71285
731643
494243
447627
248594
5553478
4168677
1582553
50645368
33227886
532005
289007
8559047
5265503
49077236
8275169
233592
64063
475878
409251
424997
5076091
2565724
3448807
1354883
34863640
53013
488089
374517
305628
183850
3655294
4168677
1582553
50645368
33227886
346794
208040
5280948
3432100
49077236
5060606
436548
294635
1127791
299534
10905021
14802622
36413232
13355828
34863640
35805960
1258211
1984439
2742272
1637102
2116623
2583747
132317656
753818880
540412288
434306432
17669966
67597288
50166856
32897372
12882774016
1352809600
436548
37
1127791
298568
1680
14802622
36413232
339
2756
35805960
430
1984439
2742272
86
449
2583747
13040
133709
540412288
20207
2967
21091
50166856
3340
1135407
191935
1798330
1170186
4402268
1970380
10905021
14802622
36413232
13355828
34863640
35805960
6621484
9273829
21795196
6991479
16657594
18054022
132317656
753818880
540412288
434306432
90649856
512575808
365166400
250409600
12882774016
9537310720
1533909
459925
36244344
4523930
546205
26038298
8855087
13626495
3461792
215765472
546205
26038298
8855087
13634264
3461792
215765472
16461908
7567972
508221920
200542496
16461908
7567972
510924320
200542496
496417440
492943936
276630
43493
5935230
299534
546205
26038298
8855087
13626495
3461792
215765472
46654
4308755
464073
1490360
179616
17278180
16368447
7567972
510924320
200542496
1436245
306625
35755060
14791511
492943936
32355584
4911717
1053171
86572
215765472
13626495
3461792
84217064
2693690
897347
200542496
81495000
3785589
682355
58024
215765472
13626495
3461792
53765708
1839592
547364
200542496
51282840
271
20455
250661
14102
327572
19468012
372
8543
370041
777546
19006
641527
221314
1970380
1170186
424997
5076091
2565724
3461792
1354883
34863640
199118
2283714
1200660
1402930
646073
16657594
4168677
1582553
50645368
33227886
1801122
784265
27360458
16001104
49077236
26718424
455223
143567
1253091
829639
424997
5076091
2565724
3461792
1354883
34863640
125530
1384108
813700
850677
427700
10326085
4168677
1582553
50645368
33227886
1043763
508388
16264315
9861464
49077236
15813608
1185103
760935
2832163
199
10905021
14802622
4801
13355828
3690
1821
4733307
6394468
3456
4673376
2178
1254
132317656
114260
57861
32299
64293816
83888
41636
23853
903127
1067496
380792
253054
888285
100
10905021
14802622
4801
13355828
3218
1821
1672786
2055206
1084
1571072
777
467
132317656
114260
57861
32299
22138604
22926
11235
7143
1610913
268172
815187
221314
21334720
1970380
546205
26038298
8855087
13719119
3461792
215765472
257633
14392622
3564358
7097988
1402930
114182648
16461908
7567972
510924320
200542496
8005670
2912311
268238048
104984072
492943936
258385216
