1347095
1190
476
461
217513
-138
-30
55
169509
-4899
39
-27
611524
-180
8
328
2630320
104292
43884
307218
5184345
1465907
227372311
52561275
1709279
382732
188437378
26211911
8987966
2956812
245114844
238783448
145082
1328388
3889804
925904
38700
230187
4246975
-141651
296466
2733826
4282973
1673112
4951709
455092
20078501
1741843
1951504
183097
20697645
2141350
9073377
823877
16085584
11959046
-9
-9047
5953657
4507
262
223026736
3154
-203950
2
-37421
-4275
318
2
5726
20926169
-9578
1891485
199291992
21322255
89698402
4651267
757562
21455241
7496845
15925859
2632642
12655790
2795255
6208109
2611976
5323526
274145
432724
2655901
599670
3191069
17624304
811835
5442646
890561
15304048
237832
796966
5065457
823544
36038183
4860760
1787721
277256
31349716
1057075
26054789
1557623
100407933
72318645
4870
506089
30142
-8065
11275
1347659
3718
39323
3977587
2144821
30005089
32568211
94360
40013
95700
573433
1454591
760201
19919
-11418
48676
1291988
-1428268
118870
41
2559378
-11
467630
-579
93
560397
18
1586
-1262
440750
158028
376604
453931
845098
392709
188474
446034
305369
4865001
-522057
1128697
625051
211942
4153654
1389606
573847
3199627
1028385
379449
-2668463
2792965
112471
16677
144519
465951
4151756
3328641
71146
-350364
-134370
12141749
4937907
696493
213206
2875737
419009
6944321
2251744
244109
4168260
2385818
23518458
8378335
436219
141411
1173765
283734
5529631
1571772
226224
842962
908070
17946253
1179487
1849540
1131313
1909494
10275475
30659164
40853435
6271278
32274467
28231418
1034889809
355343000
676403
437978
767012
10608523
39492545
34313207
2544685
7708088
2738085
1152968080
99340383
2167120
1562560
2935832
11932392
24075794
48960477
10158315
28085539
25769353
117514646
623235550
36851169
1742542
62674500
43923
2632798
94558
967207
83839823
51547804
119649
-81052883
125251
452038
35057470
92135
4864317
12851121
25665
360057
8650145
-6562518
3593931
451611
86109
10450425
620028
18033889
14230753
27538
13435236
3144762
41517764
13064310
1530630
460181
36616330
552577
10414476
14964848
595444
19617890
16235599
16552981
-11288846
511419
319953
1186309
11185534
11127089
15635455
2503096
3512250
1332374
173300610
-1030744
3015884
2646283
7401903
9294500
21354668
11135960
11292415
22082981
14088816
374609301
174473666
1839112
1161867
4470081
9493458
17165247
11395073
6134835
11252287
4195571
98564868
-2346533
9075825
2344067
238267737
173938611
4927010
907886
253556092
77538135
5283
492585
5328851
-26800
570741
20374263
1388
-9709
9311492
-6552702
907330
1554
384304
4651689
-2331
158611
18638061
7347
195728
9274423
-1285260
-5764645
8330
945387
10459744
18766
265899
11183091
3741
280638
13871743
5464402
-1038970
286278
78352
815511
543387
322736
3856078
3092675
6205558
1897596
33789781
29155
376631
831340
4631
20911
2254294
-14110305
1864342
-50526269
-5690117
-10305526
2316391
-4127521
17597633
44108321
-94505176
234896
62344
360256
410763
254753
7246593
3253440
3411901
1671931
40740977
89484
-151609
438977
1229270
151008
3039350
12959257
6304433
-94531782
28602323
5085044
-10516
43449502
-13541473
-118340031
-173905020
430050
267810
1100626
324752
12609444
13978061
32328439
16548881
35643518
48645298
1717694
5164451
-643841
1832105
-296271
-3382092
193801940
1181806111
-530457739
683397016
-72986940
-120297210
383207646
258888068
28600104150
5893198323
449737
29
1126028
259920
2566
9492576
31738500
-22832
24038
60032303
-1613
3773303
-616446
-427
14819
-1951744
606461
-978709
987929416
5873339
365249
260070
-53800946
88502
46875708
15920066
1868049
1135171
4490307
2076647
13983795
11831476
31554712
12266645
39638398
29514447
6392380
10285633
29288245
5951795
12235916
19681701
-154570710
1013954341
714304468
1094073007
-108738316
283662996
-416051850
818647933
-1839555251
79044455612
1493898
455867
35451664
4573798
836164
36915256
12015546
10030888
3265262
236560943
530957
33438463
9982251
13943675
4042428
110691542
46783992
-36471713
1957446197
-142042772
-5483465
17024853
1870452750
421291684
-1743808539
609937115
268795
45376
5758622
303793
621154
27239952
10797683
15278876
3866762
131921371
144179
4545760
2559220
756683
-268632
17920522
-34657456
34073750
536073206
382358542
2201482
12389206
-389769675
2985507
-7861738979
-4909126949
4813336
1147712
90120
198813942
13701651
4076347
88776227
1679557
785623
570835423
-161656086
3650486
652262
56225
211503125
13047222
4502601
53276120
2280241
838197
-671558894
314996281
495
21530
252349
-268
101409
17168212
-1364
-8801
1581836
325268
-538018
626351
221799
2048558
1155462
431401
8258588
2715604
3631298
1386655
39636948
142467
1271803
720124
722091
966084
12321343
7228287
1886861
78505507
23142622
17853953
-3062565
-46699296
-3767485
-363176035
700159201
454277
146602
1108373
842232
368558
6463534
2407344
4102107
1352697
40018481
92597
2322311
728580
3161884
691474
11787442
26990915
4707877
3864766
53299460
11001131
3601689
17178518
55691518
594972635
292039954
1229771
722932
2731220
399
13854627
10927158
7240
11039873
6612
9979
5861742
4823718
2820
7291823
-755
-8627
229547771
-450892
417276
-1400970
72301320
-78864
-563597
281898
-35178015
43477451
384855
266255
857689
119
11318201
18812298
-5082
14745047
2333
3732
1940931
1751424
4853
1237644
-2576
-9434
211793020
-566949
-769937
-903169
15543931
-82380
139896
146657
-34717676
-3509084
816329
220417
21477173
1983065
569608
18488486
7422457
12981997
4248192
197162693
209639
12079802
2700916
5615104
934495
128518310
37134816
15460211
193656691
109212213
50816804
-9693509
-533065190
-150308801
13073873949
9975796625
