78394
66119
1360987
1587349
8870299
467470
26175681
10633
-300028.75
54435240
9208
12171482.0
174185
720719
301016
691900
767408
159340
11302
540427
975634
53554
30552
382974
96112935
42611
105572
85793532
10027895
64268
22925
-6701056
37193
16794
84
-149147
19687952
122040
79649
25280964
12604353
34163
54763
-4371842
628
5319807
405162.03125
10858
300285
61217
59665
10942
100229
115178.9609375
291090
75318
-182411.5
292518
31526
16894.947265625
1751044
31458
88581
1462509
557148
21436
62004
500864
34081
547
61051
-4230
175782
32314
686703
11469
258113
42744
33343
710072
374742
47496
309241
168809
31813
10977
79826
37133
-459462.90625
262789.03125
660180.0
34411681
446654
19358
110535
38170
249
402603194
8830396
-36449
-12330
188008583
285415
3288664
85998
81314
13785494.0
123647.890625
4569005
41413612.0
94248
197904
10075
60037
6800636.5
-370957.0625
71166
-8977272.0
1529838
1511520
34194
1312771
35461
83902
258073355
762752
846431
2210389
529508600
424250
1160129
25612
448326
39415
63342
35151922
241544
581067
276348
819435
382518917
6190157
111109
12812162
118542
17494
21715180008
100638158
13872360
-8805823
-8868034917
273707228
449959
12004
632122
68206
33
5390976640
-201225073
-53260
-36188
807980197
-511539
1851492
20329
620836
35601
80433
256346331
3613257
2802956
1056210
605305791
969920
11426376
75929
59693
906
68101
115559440
257520
-1323352
485
-52975754
209469
19197948
32472
20073
532
57799
33883450
-118929
12097293
-902
-21044240
35698
682072
903357
61720
58998
1034492
32293
330580
2680263
332961
2932353
1051749
11908639
129579
450850
42716
75339
144971956
1712271
15517860
512170
102477087
15135799
10951916
39066
5065661
2805
61435
28966584539
39115220
-1916834
1376089
24651156909
9343
49413
4929743
59995
-25605.9765625
737412.25
1152305
1374284.25
643
1000
19545
54234
6444.0
-115414.09375
8473
22113.97265625
214051
1308462
150942
41158
833092
333986.21875
998845.0
17695796.0
980906
37180
559195
56167
4466318
69140
235662
67417128
259022
-79791
3617123
1230930
141386
11027497
8954
206550
58729
649700
74510229
657427
60040
605296
3951126
1060
5740021
682
1257619
2676
-26030
244352438
25239
21481
3077749
24651
22497
685326
924127
2930
61324
54151
58853
68998
1222083
11509
156247
170046
129114
316055
4525298
18197
17941
355055
488361
71056
67471
1017394
96800
138435
1277797
454961
1967437
628601
128181
148418
3837
9920
10502
42968
800
30308693
1770197
719073
6510741
1715753
328861
416842
112872
6164
13934
102038445
21098096
1135383
5286279
262164
127347911
274856
2675608
10620218
-46467
44236
19849
68
1266144
26423
4769
178435036
71406221
655
6473247673
-3368887
3229983
9708842
2828
-13798
175018
16311325935
96913708
38573873
-1742675982
1518197
-11159653026
-1206424
136101
371211
12463
27253
3112345
76149
14225
662
66494
186833497
731992719
-12287843
23188912
-59898
2545373
17339997
9389
1661556
25371
60111222106
54381308
1123279210
29562109
34857819
24661494886
30046
4000505
875558
-126
51369
48609
1631
1370193
14883
42720
3427355
6884363
683
628823971
-187105
-1568497
1758689
-26220
10293
-307962
-30302596
1557518
4494061
-358372195
2474065
-643559973
2359136
84231241
5174967
54991
885954
315760
35077
4345547
54080
60599
226018254
108719300
225865
30664434852
9219916
1019894
69406416
43776
82684
-1545567
198564770655
293288702
109600929
679753401
-8890113
-1776859882
279519
282894888
7535549
99633
489533
74452
4216
6495848
132564
61481
468247334
43880772
132952
-44149388061
-134417219
-2786769
77416198
-83870
23898
8943267
39344311251
115790643
5204252
-27385241897
22667184
-32544989384
31514
89893
11059
40981
385472
77310
38874
524686.875
251373.0
-17231.982421875
-51090.609375
419671
392475.1875
-3127.25
3289580.75
19881.90625
-9379493.0
20659
3903
276
1722
19244
63738
1553
-45950.0
-646147.5
7360.0126953125
-32796.953125
14744
107654.0
-4095904.0
-183184.875
286872.0625
-2169321.0
605
55078
67388265
4463608
129017
59172
15814816
-22782.99609375
3606315.75
187121.03125
-18409043
217227
13032682826
14128569
-1141681.75
13124.953125
191174160.0
7277956676
106145664.0
602
96727
2122360
1609107
36220
78797
992093
-6973.998046875
313431.0625
223968.015625
2323724
2154879
-26914938
834531
-161690.953125
-223778.921875
-2182293.5
1229867894
-6083969.0
568
76280
186881
3350475
936
73100
24276
13838.0029296875
10136.0
-30327.03515625
109137
1689545
-5102140
-4239
-6612.9970703125
174609.96875
1985687.25
38814743
1496513.875
10845
27224338
3078517
2046012
81072
3921994
5156099
52008
909106
28620
72200
5929955.0
2834473.5
-245986.78125
12567.98046875
4467018232
3682840178
28615616
177092385
1652043
2781910
1691929685
5153432
8284624
1107315
2311847680.0
-939146560.0
-7855779.0
90946064.0
4358647.5
-3565658.0
3684533627186
9264138705
3011164734
17975245
1437329863
177985896448.0
1119232128.0
4470760448.0
-94301040.0
935474356667
-638851874816.0
7830
341918
188426
248395
10115
1509030
1183760
43962
1723071
16882
61788
178016.703125
-187684.453125
471618.6875
-21004.99609375
33579763
34784884
168305
2648723
82396
92007
590257856
1156071
1871884
-237708
357807456.0
348752640.0
-2149962.25
69846024.0
-564414.0
240757.015625
9079401456
3056466
-4979228
13252447
172092763
-42467434496.0
156834016.0
19308072.0
-91048984.0
-5289906845
100226105344.0
173295
33636
870071
11004
333889
4760684
51676
356551
67829
17205
933554
6271892.0
-78910.1875
1715905
189298
1815465.75
-121485.96875
35884668.0
1018726.125
596600
1133842
-9907560.0
-670831.9375
-126960352.0
14886588.0
2299588.75
86084416.0
-16177632.0
-488390.5
20474888.0
3384383744.0
152467680.0
26104476.0
91493168.0
-88234720.0
-646367744.0
28418
26998
694714
4548
46637
181836
9817
184115
63505
15164
106924
368559.5625
228125.015625
647290
32554
-654077.375
28503.990234375
-4324613.5
291472.0
103468
414939
297018.25
-135514.0
44609428.0
-300194.25
-637485.0
1344364.0
449711.5
644636.75
6529550.0
103424720.0
12861982.0
1278783.5
-43213472.0
-24360474.0
-365583936.0
1638
3866
58036
4178
60842
134078
11291
292927
79308
504
8209
-51362.03125
15669.998046875
345844
63692
-86359.859375
-105922.96875
1322893.625
436556.0
165723
11625
153526.40625
43408.99609375
-3464950.0
-46550.453125
237638.953125
-11507060.0
2166989.25
-177442.203125
-1889639.0
-74194336.0
-585774.6875
-42427.984375
-2957555.5
-42914424.0
-155290176.0
65579
19482
4309
8208
918
396638
37523
833
61626
17447
2751
6435875.5
53282.25
-366
485
907466.0
-2548.0078125
35879.0234375
6242.0068359375
234016
2863
-1912756.25
-554758.3125
-691105.4375
110102.015625
83563.875
-177231.28125
29776.005859375
136919.515625
-105362.03125
-4033621.25
-19343.921875
1099117.25
2340857.25
106034.671875
5330756.0
3898
33127
657792
8824655
170299
559
10998
59478
35823
1849
22352
-387698.90625
-1801.001953125
213920
15211622.0
370985.21875
-51445056.0
2684193.0
9982811
2461
9578
2174498.5
82746.953125
2444005.0
196176.359375
915855.0
63729200.0
-286310.125
5824694.0
8128436.0
-17881400.0
-245094.25
1814449.25
15423714.0
93013000.0
-7194438.5
16695
25731
172112
12277287
52559
3032
11024
12394
22390
6573
29237
5413409.0
-32529.03125
70421
5556318.0
-254517.984375
14471545.0
-1030358.6875
972412
3767
14300
-679598.125
-33904.015625
16877590.0
452025.09375
1694449.5
8010832.0
-1267355.25
9182241.0
2019020.0
-12058548.0
1116567.75
-4236520.5
-1782873.5
-8857217.0
4847035.0
161914
30250
162577
510461
173167
10731
87179
10643
809
35372
148147
158431.984375
18527.08203125
44872
330919.1875
-323452.03125
-549725.9375
1170769.125
94368
8628
11986
22312.9296875
-21561.03125
261534.9375
230276.09375
170445.03125
1137437.375
-1961199.125
-550104.0
369810.125
1231374.875
627427.3125
231159.90625
57547.953125
-246279.546875
686926.875
4238
24357
70152
4381764
43858
687
2561
8286
15755
1417
3941
-1092968.375
-4071.0029296875
22932
10217670.0
-89974.03125
11337539.0
-748004.875
3030031
501
1830
-411778.625
-63168.0
660707.4375
-76499.0390625
-681889.875
9508259.0
-424567.875
-8141304.5
-3868105.0
1354803.0
-98846.03125
344703.0
-946446.375
-12556697.0
2228675.0
177188
32428
703290
873847
15724369
10541
304931
327636
70659
294698
1488128
40916
691884
898378
4815496.5
168302
620516
-5380034.0
4880601
44961856.0
134112208.0
75438
305399
1213071
1011962
60236
1277220
-10480406.0
3557040
148414528.0
-6722402.0
9099155
-64910408.0
714252160.0
1161234176.0
3865980
7821871
231313024.0
1714388096.0
1013124864.0
-9729028096.0
13895033856.0
65218
23049
524838
571342
8491763
7188
211509
129250
76452
242260
1420098
16896
370119
215384
2487704.25
71918
491419
20597032.0
3619875
94889960.0
123700304.0
48658
98106
810906
3109095
53971
158610
2421978.5
1555066
68898448.0
-828325.0
7846349
-9126568.0
982496256.0
1068974272.0
-23996
3330017
-30440460.0
-79368640.0
-1029450048.0
-12603842560.0
3712972032.0
22314
37221
741231
664060
9264218
4640
65173
47879
73052
119697
922104
6401
145842
119277
890604.0
204068
701610
9766848.0
4037406
85992560.0
-34785984.0
27160
37575
292606
1596688
111316
96394
-352696.3125
862204
28722570.0
9493015.0
1312965
-43135676.0
239631984.0
1029045888.0
36899
1314043
18233336.0
-126877680.0
366915200.0
-3587245056.0
-2566273536.0
172661
33845
179466
116900
6291312
12025
91140
35809
11270
55835
32947
24185
182202
88191
23789942.0
38531
145409
-1955738.0
40539
24510676.0
-50190228.0
10814
100626
26420
59868
26725
-118585
30224132.0
80994
37121592.0
-5714212.0
660536
-15488143.0
624818944.0
54127336.0
167663
-304786
29107196.0
431258560.0
-87700784.0
476991552.0
-477030528.0
135396
12951
2980
672156
16939101
9843
1002
316566
626
369787
9257
16490
2562
571859
14844762.0
-277
677525
3358199.75
23778
-1311463.25
40454848.0
500
149082
4651
24958
-180
56784
-13889508.0
5740
-614372.375
85750184.0
-440735
2322945.25
-1027319168.0
13634821.0
12099
-110552
8759783.0
204323136.0
3926972.0
845287040.0
-77898344.0
79255
38181
672555
7447
15532890
10767
197864
1143
69465
175
10182
23786
425069
2830
9906377.0
155005
4270
23689976.0
28012
126497712.0
-1842028.5
59321
730
4416
8694
180760
1122
3422337.5
5379
29606710.0
1285255.0
69383
48364236.0
-4938405.5
18791162.0
-2033
22175
-59584936.0
-1456149.25
-16197454.0
-244471488.0
-15276271.0
87026
671447
869805
209234
114485
398726
40796
1349557
80417
467673
241983
11572579.0
251777.1875
6213011
680968
10172850.0
222795.9375
-2425486.25
567090.0
436353
1759668
15194452.0
-3955512.0
-54167040.0
-2167193.5
-1842431.5
-154524608.0
12196114.0
3728414.25
-4167138.0
1216525056.0
-129805280.0
-97144256.0
-23816920.0
-8890154.0
-1109553408.0
58208
515330
538635
196904
110145
389003
30873
1305664
55901
293279
206528
-250850.0
95934.96875
3163153
677383
1901429.625
362013.25
-2754828.5
207521.546875
137317
1805202
-6528878.0
-1917756.25
-48571600.0
-2795111.0
-1414578.25
123766784.0
-4420224.5
1644713.0
-4240141.5
382571328.0
-39208168.0
10369694.0
-3561413.0
94331424.0
540190336.0
84853
168537
775842
42163
91473
350654
28549
252630
47016
89664
255905
-2300204.25
-18882.1875
573599
78182
-309126.375
101107.9921875
-602114.0
-252186.8125
103367
183212
-9628403.0
902327.25
-12325864.0
8737782.0
376384.0
23572268.0
-2112758.5
273484.875
4078510.75
164343456.0
-9106008.0
1327475.0
-47672492.0
-20486190.0
-219808288.0
30191
705520
93708
72493
26152
229003
11891
252332
70980
207817
64670
2230710.75
-72388.90625
583843
162737
3318616.0
-73752.9609375
2779762.5
37248.8828125
123856
474245
1727400.0
669435.1875
20597984.0
-511662.0
3247703.25
7372612.5
460218.4375
1419418.375
2013321.125
507521792.0
-3753732.0
-179764.0
-10315576.0
18971384.0
161976864.0
30376
722687
2301
73401
498
230167
12663
7649
80765
189029
1014
2180466.75
187818.96875
30122
3758
784749.75
-202199.09375
2138.94921875
3482.997314453125
233884
10759
32477042.0
-6185.1875
102277.625
-68697.0078125
2659814.5
336134.0625
-111252.9765625
4788290.5
16410.9765625
-16002626.0
741895.0
4028291.0
-117799.4453125
-17478.6484375
8229579.0
19828
517534
520561
66554
72403
192710
7526
1337764
56459
128243
125571
-2626977.5
274.0078125
1801998
468241
-648421.25
49429.98828125
2228260.0
306202.96875
26173
992906
-4421663.0
-1894865.75
33383098.0
6337532.0
-1092552.125
59583032.0
-2171981.5
253447.4375
2588572.25
-26033696.0
56969168.0
5670018.5
-5746286.0
67011640.0
266537472.0
1527489
190965
42212
1395513
570057
129702
12851
882398
179964074
75434
189893
-252282292
317742749
103518
177455
51566190
6086473
144697
34517
5861993
6527428
172526
34250
4074073
599724
46847
136754
335217
-1819236.0
571786
139791.03125
340445.0
14348930
54484
67802
251377
8079859
139477
78610
4610469
39235684
119181
51314
-12390924
967399
228249
10984
650510
58451921
173615
67946
-26933154
294469
30735
561926.875
3052123
31964
45843
1842520
4433471
27566
74241
-41935
700897
887966
179324
1368515
301884
326315
4378821
711808
922212
1399081
4963289
544556
493596
131718
926739
304073
262129
1944379
489068
439370
1002820
2092640
979249
9669572
187413
246868
11206
34186
78505636
547753
14803443
178608
91726703
1793745
9110117
129741
423481
37775
32185
131768404
1583094
-8797552
309852
5588640
1693350
5227471
72475
496071
32834
17892
59997162
645525
2254188
45951
7080948
88275
806520
125182
40021
225579
344454.15625
-335210.125
-6830892.0
118750
620216
274179
77580
411714
890723.125
-411459.6875
-6654967.0
147557
539093
42797
75055
-15549852.0
-18988.984375
461464
7882947.0
490441
646315
26064
428136
36602
65290
9425783
270804
59098
342969
559830
281299220
21132470
37118
18135212
141139
15709
97403201848
353262559
-939826
-6454021
-119041581131
177652421
10002346
65091
15518654
185395
32901
30359914479
61526191
-1159881
4212644
8780472854
63332973
16532669
103945
549984
38527
12223
12183894580
-6064458
-1374820
295903
-10031441609
2816983
2830403
24127
1256265
35860
77419
356333512
2003083
4015922
609636
577170345
4799372
917847
21326
1307281
39866
76629
1373184950
1830892
-1130357
1228219
282793401
29309
504875
563132
135362
55212
68761
9836
1392558
308231
328952
141803
105965
24535
1641537
529989
631744
510358
66423
58370
1404819
1083283
55286
87551
2842239
189521
1352876
24611
543677
598099
134560
63492
72055
10307
1354160
297869
332170
221362
122430
27304
3101341
521087
582510
297872
56703
48791
1291142
-786405
175863
48027
3495314
472645
1333371
35943
662289
820787
172545
53367
54214
10060
1187659
270858
323363
242738
275346
32491
3805198
617167
878492
516916
58020
67906
1001208
2002355
207352
90897
3983127
368936
2425696
30951
666193
906676
176677
55784
48047
9548
1348634
299461
323028
240172
308055
29260
5386075
735155
833393
334834
50649
44843
1292994
1106137
206066
358617
4735220
291620
7389906
140516943
22748511
41992
10411606
109042
60262
118917017447
32840924
-16495407
-10387659
-17187435081
44757732
6972835
29121
2857999
51094
60406
17437784618
10805255
-16044097
677045
6984323728
268974807
20046552
34984
13870430
114564
67047
111522195589
-245907755
-17142719
3849881
-9584128672
36871083
1158748
699
17533908
165003
69113
-5435749641
25708088
143900
771276
-1714678166
220550
922383
103207
32230
714330
94313.984375
99202.171875
6124279.5
202784
1226072
133359
33689
750938
459543.09375
186955.46875
22917.5
653440
34813
4172576
36011
356497
64957
63601
65308932
3552469
190262
-38656894
71605507
279794
14191868
83495
4251558
78109
50532930
21104073189
13837457
2805758
2059210603
320485
44581
4081277
9398
188766
63224
34705
38411536
972935
59995
1855636
-5022622
244744
15600330
44887
2597603
81931
64537033
6103839124
14445325
3740458
12420995076
1706997
274835
7308338
12766
160924
78724
1274991
224503133
12904376
225607
85590976
10080950
150409
16716543
19693
1344047
65927
7329297
1051477302
-12755
701067
-1546934030
232094
21612
493368
10175
699851
37066
-16778
16587749
74798
297995
-13628727
967878
294150
11674340
34955
1211516
80989
21246047
2149005893
19459855
1319154
7104235051
22459
20374
527506
477985
3776
73331
64159
49360
36368
992710
7405
158390
135133
100410
116447
2362531
18645
25506
414408
319231
25041
58260
891645
149092
222085
-122099
25915
34940
701013
877134
3173
60398
55690
48918
55405
1207566
10978
147355
151583
228522
204582
3247975
21295
16193
368974
563448
64731
90334
1347606
2047469
164765
1157769
89336
30477
684587
615612
10549
214595
96679
67291
60468
1027480
32567
470853
287823
246168
121632
2560976
61804
35505
541925
367302
279872
179649
2430564
2317772
207096
939338
169667
30971
697594
77090
9792
304840
55853
21208
623364
-5774.0625
237432
748360.375
-6632877.5
61953
239904
419293.25
295119.5625
-2831960.0
1460193.25
62032
4955775
26055
1188
3596583
16642
38159
508720
171716
671
158879600
472453
10920
166592263
-18370118
-18069
9305255
1394830
11228
380243
1861155771
-24749080
-35055
-164806604
1066157
280562098
1518379
95621004
368734
67804
1045090
17335
26275
120894
35584
207
-79253213
1384693
-126088
-71488211
-4519391
-157711
2468790
73966
1135
28310
404784632
104085935
-64551
-489099320
-649000
-2504547941
525994105
16332118
609218
51839
11492117
1186458
130394
33940
54955
380
237947354705
5460325900
264594064
26771380
-3765775
-38507
274082710
8089747
293128
-7074
1272437344558
23315425930
5598810707
32978057
-82226967
-387858442454
749408
198932069
15628583
7300
1329024
165051
730
14928715
13737
11810
1195807959
75677114
-57765
3146826711
152933865
-447161
108895221
271043
14150
-4127612
247210585958
10708930
210336
2016916018
1479021
-139104284134
27449
197852666
13197676
133958
63236
8082
886
24727947
245397
85361
16266912
882756
31433
86940307368
52456372
3972457
-651687
42822
5561
27541157
2419008734
12467428
2659399
109626808530
3545758
10086954306
1074785
387621022
22538015
70161
1403148
223891
9198
-10409665
179254
59470
863753385
122451285
-102432
65147939978
-272021801
3166489
122720996
345147
49402
1879704
-141631175469
-1016748074
-20200604
-78586838700
48599693
-16302051266
31627
23361
4220
11603
179841
80277
11343
130901.078125
345916.75
22870.9921875
-628729.875
177893
-139077.9375
7453165.5
1394025.25
827497.875
4568481.0
663
93741
2747152
2141949
38662
79024
886518
-5037.0048828125
267103.0
-195577.125
2917447
3004226
781236835
475209
-281436.125
113077.984375
16398298.0
857643385
-19254892.0
166993
30404
817913
6856
268059
1901490
89832
183384
77317
13708
675450
7343791.5
190237.0
1225830
51240
917647.875
141007.96875
20497104.0
1705096.25
2951428
-383361
10471450.0
2421570.75
348440576.0
-15628505.0
4308867.0
-65314624.0
3259742.5
898891.125
11833039.0
-1475278976.0
-47461280.0
10627024.0
147169824.0
-65289048.0
-1700596992.0
18953
18787
555075
569211
18080537
137372
5995
71753
93139
61349
267834
1422202
78632
9034
134552
152666
1244267.375
-93256.9921875
253452
320198
1823305.0
-420418.8125
2088398
77094352.0
-141022.5
-6062648.0
366167.5
10125017
38826
129405
586489
3560520
60096
195894
-5548213.5
323738.0625
1290754
17494558.0
1103491.5
81190544.0
-991736.375
3103139.0
9649064
-227512992.0
5710031.5
-62487424.0
-30631456.0
667255.5
-311198880.0
101532360.0
93351176.0
98620824.0
442214
-1354519
13460382.0
-1111891.875
194747680.0
17776756.0
8736899.0
-93145464.0
-25160060.0
-15918296.0
-42575852.0
9239803904.0
-233341632.0
31939038.0
-510253312.0
-122492656.0
-7737581568.0
391978016.0
36624880.0
899340672.0
-299910720.0
3352496640.0
-7606302720.0
171219
24013
681246
853457
23227443
144446
8170
300993
300897
62948
433844
1302656
80287
38762
706592
668697
17769044.0
100642.078125
48978
1341225
-7924285.0
-900712.75
4160642
91013032.0
3706914.75
-37156232.0
-15358494.0
17060119
64115
149218
1097100
1368077
288893
1237635
-5906649.0
-113169.21875
3844052
142137920.0
-250585.0625
110030168.0
893639.625
9293332.0
1696954
218660512.0
9558832.0
2129714816.0
-29117220.0
23036884.0
1306353024.0
153272256.0
49175136.0
45161424.0
849666
730743
-100483424.0
-1749155.0
-1846278400.0
-44271344.0
-12027896.0
-604253952.0
125666992.0
110760728.0
-120029392.0
-11124912128.0
7739712.0
118036912.0
742712192.0
-951922816.0
-18466412544.0
-830257856.0
89392896.0
46147936.0
686410176.0
-21181747200.0
9289666560.0
63672
15805
530626
511410
12219974
152647
10935
215206
158686
76975
331377
1330983
77518
16098
381159
272059
11166370.0
242579.953125
173062
232585
9313989.0
360472.0
2353423
93803336.0
305586.625
-7473425.0
-5753055.5
6862886
61376
237086
884150
2970654
130654
660123
4753795.5
271979.9375
1846207
52238512.0
-1210995.375
9206424.0
728517.375
6915038.0
11845918
-87424032.0
-1888352.0
-1196340096.0
27667952.0
-1088068.5
286407360.0
-76149392.0
55046236.0
148028800.0
3049961
3746519
152220864.0
-3107353.5
-714590272.0
-20366340.0
-2616887.75
889245056.0
-53219524.0
10055178.0
66363052.0
10354507776.0
1534204544.0
166145872.0
-2241243136.0
1420647168.0
-8147954688.0
267082496.0
163548720.0
-491026912.0
1233312256.0
18375563264.0
-3231441920.0
30574
43176
755897
625397
11535681
187263
6037
71056
58857
75049
211594
944179
78247
15874
197111
137110
3538668.0
158391.03125
115545
-261213
13791721.0
127684.296875
2461007
101579104.0
4123176.5
193594320.0
-2179528.75
33989531
35165
80897
357978
791884
48005
-100186
11566724.0
-452801.0625
728353
18042864.0
841922.25
-10001864.0
210704.625
4441414.0
174649
50880220.0
-7295266.5
369603040.0
7870575.0
851354.75
1417203712.0
-66322168.0
7820230.5
82760224.0
62694
1988484
8582576.0
9699737.0
92430592.0
11593147.0
3269920.25
224630224.0
-11622754.0
33898976.0
4815003.5
-10270582784.0
1678706176.0
-9718592.0
-707885056.0
664266368.0
149724336.0
-144659536.0
-21147060.0
334744000.0
83485024.0
25998012416.0
1615785344.0
91558
747327
863327
218404
157390
465608
36180
1298735
62532
524684
408546
4533642.0
290560.09375
3999936
979961
6166352.0
618139.0
5748481.5
-166787.328125
190706
3359272
2361013.5
-7159365.0
-38805276.0
7138946.0
1777898.0
-88023048.0
7419985.0
-354389.625
3941742.75
2221719808.0
-13154640.0
-86541088.0
66718884.0
-149862576.0
-473820128.0
90260
27791
213726
867644
10638
38559
149010
41668
11277
57126
379614
29060
103081
394351
2433.015625
41519
226922
1655307
11724
66773
4299.970703125
164642
-333198.03125
-128500.4375
145312
75086
246649
-153999.046875
817712
-1668194.75
-3050378.75
158103
108314
224527.078125
-1058997.375
-611291.75
439588
-2062827.625
-7673337.0
-81114128.0
5833487.0
36414636.0
167995
36099
669520
828523
10545
290101
319738
101181
63810
75764
1359402
31836
633079
819968
-805397.0
191452
397745
4598688
54988
62572
-21868.966796875
1094314
176742.8125
72956.0
415976
292554
-46247
-99129.2890625
3292864
-3306963.0
6682717.0
689250
547745
-153273.5625
4067547.75
15782500.0
2546174
-5629529.5
20919466.0
55159576.0
-6775376.0
-70611424.0
