76367
2180825
1678858
1549023
15874402
300297
58767216
11430
131576992
7490666
8744
67919488
170400
749812
308019
726233
1000133
226307
12345
632844
527787
52997
31944
514493
498124736
988
139882
-219792608
7786366
116264
20509
1373789
243587
3081
232
40630
901445
158334
77054
1040754
3407943
20474
53918
7734433
453
2206814
-2365592
11420
289096
61157
69759
11177
101567
48796
293867
59152
2103852
285318
27179
-199914
757761
36687
89198
1169401
636402
22403
62994
504464
26960
443
60720
2893
171118
33642
659264
11102
258758
56410
38336
706446
322993
45857
407385
164165
20961
10711
67795
16204
-15175791
234261
-8957207
38536328
205981
17167
49031
51014
68
545924416
37654884
-282657
90166
-13120122
299364
3713115
77555
79311
144748672
-2577377
2953736
203889376
94895
132656
10395
60248
1437021
792778
12749
-5207050
2060455
1530298
37411
1169620
34390
81004
582904832
3178649
735051
1009157
-144346960
515780
712999
27365
397578
38877
70888
13958473
79671
3013
322469
-29711848
626232640
22737994
26208
35478216
182515
19745
83843342336
70358464
23775
-21052312
-40728600576
130127464
466145
8621
509476
96459
232
1064986560
161417008
14558
477128
5756269056
1955302
10370140
23624
569046
32021
74677
606157120
5669815
2663383
555162
678311616
120213
-410233
81550
44791
716
68638
61660088
-54296
5810989
30382
210635168
1008371
18691116
43994
2791
284
57621
-83578128
588057
4451240
-10033
-55460896
34880
590370
743028
57638
73450
1032226
195275
361266
3739788
499621
-1425607
1350669
15728248
118929
435954
44710
79825
172795760
943938
6141450
287480
83521704
111406856
19617184
85022
-2624336
12882
58317
57098936320
26435488
4442783
-1765760
-1589459456
9263
42942
5194437
57982
-3414468
-4742979
-1388687
-6266969
646
986
15784
54858
-13862
-351648
7537
362683
196716
1227355
151600
41201
857185
95656
2196076
-6414110
923691
39541
403746
57659
3225423
62994
328114
41037496
160042
-127158
-15855436
1628922
60335
13395519
8391
233151
64064
307619
315824640
16402740
48693
12169045
2745269
1571
1635801
338
30805
2251
1101008
146569760
539716
6835
59861316
25912
27301
728174
742638
2993
63048
59336
46183
53373
1245750
7939
142467
126934
227012
322223
4146921
18638
15874
316744
195700
67018
3694
501929
109522
129327
-259088
413060
1424162
674873
215546
101038
2328
10466
19044
40391
923
16095314
2080318
453367
5079012
1959880
345565
242766
94492
3985
12539
-5704300
9466743
1540917
6858670
313950
150738896
301200
6274736
23044740
-24207
13876
-3177
158
584208
23387
7522
351601984
1748827
59721
4225989376
-15520583
14954151
2175221
11549
-4360
-393314
-8747785216
122175904
-40682680
3015405824
-2122033
-4010647808
6717233
-27584
9193636
9910
76105
7041935
73027
39069
431
60788
102282368
5439951360
1015010
9569939
84022
-5559205
-1710686
44116
1180556
-3134
2016450304
32128832
-4240113408
9548050
1172742
-2086136192
29079
4738763
2265662
-405
96585
82639
1829
662144
14560
39787
5662516
-682965
7064
64693240
66548
1937289
2800533
-7225
15797
72500
1194125696
494169
2076282
-683080256
-1311305
267138816
1573493
-18809358
22402768
44564
1118815
339012
34062
1381046
52303
65085
270997472
179855168
794715
-2399223552
-50740004
-12282433
9249817
-72098
185831
1191152
111587409920
-185838304
64602364
-5216677888
17961678
48501325824
238732
-6030587
4647064
91719
458675
83426
4189
17943602
167176
61223
526024064
20989144
77660
153964707840
29386108
-12173947
39371072
178600
48591
-3395844
98339520512
-53352212
10236284
-65855467520
22215548
70812557312
39965
90978
10621
43799
444381
80898
34975
-529110
-28261284
-24857
2965428
408144
1781097
12593500
-9830403
-12579308
-31278364
24117
3544
84
1717
16972
64543
1795
-58552
-3593592
16246
-463981
14037
-428965
-2816350
1436437
-18206
-10107903
569
43410
81759752
4020262
118913
59792
19688900
22255
5836166
314359
-27551780
-2531391
2805815040
-3628835
1653777
205524
-1833983104
-10832832512
772630592
587
86002
1958911
5581233
34994
83888
502833
-151822
-42613
1757209
4847351
2329211
910931200
668659
-5411830
9646
13797249
-405257632
-14596986
449
65934
-7726
5724676
1023
71238
24492
298445
-25384
119811
157085
1576891
-16677548
63377
-320
839863
-4335133
26060562
-1964447
10600
21129588
2555944
6271778
74864
-1106315
6302159
58839
190727
31062
67746
2631798
-15500910
-1116863
-333281
9241285632
-530324352
23894392
675369920
454686
2301036
-573920448
10715445
6201790
-1107980
-9579004928
-29978773504
29110876
7504530432
23043584
-1393396
-1517394853888
15724310528
10518635520
-510310624
1674440320
-4968492826624
7327629312
85609897984
-389578592
1313441841152
-19694320877568
7786
282024
255555
175495
10805
3093328
7641404
53963
546984
18255
61815
-1664940
-3839374
-1733652
146086
28399580
64681768
138145
-3336056
-77310
96826
1664621440
3612953
-597490
376215
2188873984
-2843802880
9265977
-89459664
2930827
-1660707
3121450496
-7808726
21888916
-12202456
-49346020
-54508797952
1304632064
-146705744
-120462800
3485249280
-1195890704384
176266
37120
782816
10284
321580
3926135
67277
288907
67013
32087
769127
9541770
-5663309
50881
287016
2645001
320302
18072188
2609892
1326560
710475
375241824
-2904956
-395057088
3493355
16942200
-2265792768
63697464
-24582196
28615636
14494786560
-339074464
-170944144
181101376
-414288064
-4577453568
32866
38658
668944
4999
47046
211925
8957
119767
64851
15432
60099
-7288741
-109199
1741950
34970
1894259
119907
-4865934
-1250615
90483
226125
62678912
-1194473
-99078688
-2986319
2741325
-29373084
-428565
-585138
-7273280
-681758656
-31583242
-16275257
196338448
-62063616
-849179200
1618
2301
58152
4042
60832
181576
11629
586761
76630
517
9484
60705
-37523
-93462
-309
605221
-66114
-16178753
-203542
149984
65075
1527606
-14893
36733556
1158024
-177861
-153977312
-18766548
-252004
18424396
146315344
-12122456
956351
-16973112
-39061660
-108328752
61954
28768
4368
7919
961
420974
34799
423
64145
6125
2629
-985063
135410
6310
-131
1669
169409
-89905
81461
226363
-1922
3360245
-1094317
-4329990
44941
6483566
-1039109
99487
-2378624
-80407
2864557
-1429232
14872293
-1266869
879495
-14888007
4663
40772
669496
20159248
232960
516
10956
58402
39209
2176
32866
-2187160
-87294
241848
33058912
-13097794
3933592832
-2984545
2738908
2700
14516
23537396
52289
-706885568
-1945646
-993396
-2665201920
5228345
-2893336
267402096
-32271960
-227558
53124084
467916640
467192256
-256549168
18518
22859
155839
14374425
42461
3088
10728
9180
9111
5586
20074
27481216
1047373
50335
257601
-347487
234031328
2689398
4818707
3276
19480
-62059500
4610818
-1459376
12436208
14973450
1553784704
2705948
-23343948
616807552
106774504
151980
21310148
138004928
4143252
-20020816
164607
32210
180050
319016
146916
11037
87280
8818
787
20108
164956
-7724502
8655282
52265
-68415
-293282
11103728
-6342326
307976
12160
5404
350560
-5050633
1958512
4053777
-2658373
35647436
-1888311
212217
-1217445
2271603
2855600
-7850650
-633075
-2767664
79590480
4134
20232
72682
4347644
88211
581
2613
10749
18475
2221
3921
25553176
835039
17392
41355456
-1238227
-10903546
-1290050
8710074
600
2601
7260348
-2531987
3686042
238208
320531
-13097256
12953250
4399625
10057503
-163190992
-710626
25730172
55036240
-345962336
-8227556
175490
56690
681781
991751
12191218
11914
299062
333172
50886
608129
1279082
36326
695030
775966
171432800
393353
1349904
-4747659
6896580
119867968
963952320
63213
320956
1396846
4543607
-91819
315004
14720792
3147052
-96963040
-66405052
17698972
1073767936
-18826768384
25831227392
1575791
3335944
-7662305
-16813079552
34525474816
-439232430080
-49641549824
67820
19943
554871
644539
19018418
6527
210631
126233
60103
182082
1282056
12055
335336
211386
-5084817
224067
103176
-55775432
1306449
745812800
213472912
53077
115887
805118
3644570
18114
252748
-13479544
1068984
1054244416
-58193664
8706340
-2541361664
-7447912960
3146792448
674526
6688852
-48459240
2029379840
-37028626432
-556360990720
5416228352
22669
40153
700697
633694
-13212990
4565
67039
48998
55088
175275
1139185
12299
123938
85984
-38489116
400974
1838251
6401441
3647405
1634542848
-462363328
25457
57880
314140
2810039
113311
-121942
244410432
229721
40392536
-142109328
-19587372
-2177007872
-23551770624
55560953856
648898
1376207
-475760128
-2164970496
-332586048
-4175767552
4680343040
174673
45736
177083
141532
18331924
11852
91564
28702
11704
188399
17158
13795
178422
99334
-186510736
23874
342133
-71774400
115637
-48534460
49776776
12033
59115
30607
410427
-27371
577921
-292642752
39125
111606832
118676376
1260173
89028512
-5395598848
-170649552
311230
157138
477209120
-413979104
13889746
-15629338624
-813416640
132674
23033
1851
477425
-3152714
9860
875
319088
742
248869
9333
18287
3858
591271
-35798628
6024
-1149988
88536168
68683
-1359831
1490829952
233
197300
7067
44833
-656
2005864
9785539
-10295
-2425644
-34577152
76397
6278320
4107729408
-9929871
-132402
790244
-2054814
655166144
-1025021760
769724224
6313266176
78450
29511
662390
7735
11206101
11111
200709
1120
61423
956
8477
33393
431986
4281
2768399
271904
5008
-616870976
33089
4194116608
70601512
61697
695
5865
-1220
130209
14668
-47868616
-5964
119724656
-2032299
268596
-8656013312
9966198
-776797504
11479
-10259
-680277248
-6316442
871228800
-234194624
-159170224
90906
736745
957584
207440
119558
368209
42290
1225472
78031
512742
324901
-2224013
-429805
3895520
656924
18867440
-310788
-11981056
-1838037
356578
1109022
80263376
-5139448
75890768
5891563
-1238006
-648693248
-1712429
18855768
38400572
-5156662784
137497472
60883032
-299613696
115658592
562865472
59066
568615
674196
199232
116355
367135
28814
1195869
53482
271941
196891
5675529
-246790
4831523
816646
-1073527
-266630
3464453
-2098629
150542
60263
18535052
-3992124
-311174496
-25492596
-5611437
-1070376704
-34814672
-25577570
-25299816
-825122112
430323648
64856600
15801307
-240377216
9652985856
84013
196974
722758
42397
93086
458742
28090
254932
44154
77088
233314
7316021
-2539226
545698
97787
19121564
400166
5092154
-800789
114460
91214
-18577004
1383792
294233504
15301818
-35673000
-39936304
3074790
2836406
5637797
-346153760
-16848220
7750889
-286442144
-33829856
1562446080
30913
655643
61520
76886
26677
166876
12231
201863
70459
182494
66659
-2777377
-342915
337504
178370
-5510884
-424526
436134
-176502
258574
413633
-54089920
7575968
-22763000
6205144
10714495
-26626734
583702
-2350784
-13212560
564628160
31815076
48093840
-7722713
31684248
619731136
31261
653263
7028
75682
566
284920
12975
3942
78836
186723
1456
-4593076
310657
53256
3620
-9559657
309079
195158
-23841
234525
7120
-13769380
-6004713
-2028690
-110450
5040081
-2460760
79925
-4843600
27507
6235591
2106975
84275720
1223798
-1038199
15066385
20565
477707
597169
63160
73744
178436
6480
1337424
58033
121016
158477
1456050
719367
2093031
568131
6800474
-482347
-13906067
1946446
2689
655283
130294936
7252959
-229825328
22996468
-382517
44052784
11923122
-6028569
-1829662
1556957056
-311041248
-15661786
-374715168
100816160
593569856
1979548
206407
40940
1523283
722110
129133
12336
407136
173319104
37149
147731
-349951136
-192741616
54606
140095
244560160
4269740
137774
39616
3819534
27776154
239361
36562
11069906
577783
77593
137633
323296
7040965
610609
8402612
9224703
21461710
63692
68466
84317
6520449
108416
79055
-6053828
75027224
141259
54711
32993188
1159024
224557
9988
834591
14853661
211131
52578
-23508832
295316
24785
414724
3993988
36511
33602
4492910
1506575
27599
80937
4248649
764190
879516
175429
1189014
299965
313753
6396615
679087
806086
1483061
3124407
466382
496068
135261
1051802
306227
269461
887535
550544
425506
965717
1914292
743230
3974394
197078
135916
10817
32770
133554456
1020198
25166880
-13504
-109118
1425570
8675287
134624
461188
38389
31332
186721504
873157
2660351
446046
66117288
1224056
17463156
51250
503759
34074
13796
155595968
-307542
-1030551
118237
23096736
87002
825789
117959
39696
340093
1000052
836836
-103000976
114041
601014
267970
78195
357733
1045642
-8665760
-1591514
142340
618942
42113
73909
28181932
2115817
456559
-14225203
87578
1790369
25955
408252
38059
63142
6152750
161340
-324493
158268
20331672
285411136
14279731
31570
12122685
117408
17718
87907975168
-146650400
-5274672
-11691130
29950920704
190617024
-2762390
62201
34064624
200980
28136
-4565439488
-57306096
-670057
-742636
45035773952
71738024
6903600
62187
953463
46635
14043
24698593280
54031840
9056548
-1908753
13403593728
1618554
2542379
25269
1399912
36698
77694
801583296
415210
6489186
706324
762168576
2487958
30985
22596
1322537
33282
79232
290211456
-1635394
4459024
831931
972458560
17666
574221
567018
135673
103741
33086
9862
1353853
301927
333603
183365
11370
22577
3352723
533985
622626
313526
55527
36931
1342044
2217400
69109
-312214
3881540
320700
2215925
25494
535981
636515
134665
42987
69715
10688
1150450
303445
331596
107624
396628
19386
3393387
577544
691197
592998
57907
53617
1354009
3434319
123624
139869
1760846
466738
1476229
33265
603262
761604
172792
42308
76378
10025
1308368
273766
327480
166111
208403
33138
5247650
641668
969804
730384
47040
27950
1272599
2825189
236909
406516
3597893
210508
1550877
29975
635872
865546
173563
62787
54215
9088
1424115
300833
337171
252720
366187
-27832
3390604
720939
755595
344277
51884
63651
1319162
2869127
166777
84503
4391167
342893
1450505
555253440
29965096
88927
13724715
176295
58427
57568997376
-11295658
9649463
-17925716
32763629568
63628988
62577604
162105
4074239
54574
59802
49242820608
54746572
24879564
-979502
35519692800
-32325684
42485688
65264
21316220
138109
64435
72042397696
-405220480
-4880363
2050046
-32961572864
10340191
922584
217
19808716
207651
64807
28592381952
-21751178
128113
-13766053
-6362738688
217457
-388039
110655
32391
599377
-1995065
1675915
-9362939
198047
1261002
125442
34147
750723
438038
-1906541
-9957763
1079095
26423
8466324
36208
372260
61933
99669
30228636
2430730
233816
-41983364
102880592
272607
11875219
87088
5340452
74035
35962216
8703113216
24684288
1916295
-2348073216
327567
49049
2715179
8926
118112
64064
336386
10779391
-691766
80302
19046360
53313600
280901
3572318
51940
3673086
80169
2377391
11385186304
27042772
-9733560
8526683648
1455923
274098
21003536
13377
228447
79735
1515698
149390000
26262136
253486
218379664
21870076
119501
36083484
19465
1513084
66579
-11620600
6657123840
5794421
190841
1868750720
659498
23183
490289
4510
718954
39622
57229
25248112
89903
297046
7856744
10113038
338596
13461564
40209
1058267
78665
-1073119
5422924800
21144532
1743381
-2662914816
22011
16349
555080
478622
3960
73898
65299
52365
26741
915355
10449
132860
129352
119056
101556
1680294
25363
24585
414028
253850
70280
46208
843397
-368701
204404
-183623
26096
33949
637862
795630
3204
59845
55004
54946
72765
1161724
10639
180060
184601
273097
101092
4398607
21513
19839
320896
548241
79571
166443
1349867
3332062
111330
1461007
87775
30921
653856
787021
10826
214752
104710
55969
44511
1070905
34162
510021
295108
135844
-13333
4996307
61736
25105
481599
295330
259041
225076
1238700
2465201
426323
962564
164015
36580
693862
124646
11434
306957
75965
23267
723829
-88481
242488
-2937529
-2352790
53138
421903
-23954504
-17963244
-19927828
192789232
87305
15637611
37918
4678
3655779
17919
37871
832135
178579
941
252778080
356345
-29598
319790240
-3607030
-4109
16307471
1549759
3773
241837
1282171008
-139670880
349093
213656704
-877216
-4086632704
1317142
98716816
83398
21333
885024
35824
25705
-111577
37754
62
800990848
735755
248617
711805952
-7101551
719007
1320775
268043
3137
182183
9818883072
-159729808
4690322
-202849568
-1055760
-6787382784
195212112
17569292
542832
24079
27009564
881950
93656
11736
57401
280
-77990862848
-1800480256
-409898208
281633056
-1463908
-1149822
205826096
-11781273
667787
17917
1454107000832
-60761468928
-475516192
-171019360
-33875432
1486572486656
226080
228741872
11616761
-21617
1356364
242255
797
16712286
18849
11225
1237199488
62016664
-45570
157771923456
-35051892
2523102
-4389096
287977
-10349
17326360
-146810634240
-38375360
6381583
3495829248
-43695136
340291452928
31623
105736056
17299024
91544
75463
9697
951
29041036
212484
79711
85438680
2331529
25166
16042745856
237048256
7339005
1664888
107941
9848
11032757
1122119680
16610598
3370460
54717267968
5643802
-13499974656
759948
-28207988
31315924
74840
1787783
278284
9813
21584012
138580
58803
2949206784
-21587676
-357074
115230081024
1628083
5017219
253375632
-686730
53299
-5664037
1366021373952
-157847328
74651040
289275183104
123652544
-846221475840
23222
24756
4407
12099
222621
76438
6623
154114
5614005
7286
-163777
174685
-609355
37850816
7616980
6388147
-12891948
497
85352
3976140
2581888
36071
76930
1943703
-43319
-184222
-32483
4877524
2573551
-632341376
797734
-508105
-4784298
-25191048
-719822400
-45922736
164907
47528
887598
5302
261202
2335252
104975
334850
80614
16250
534532
-967696
619968
500120
4346
52411080
-1950384
31319088
5001778
2121844
1358489
-21790840
1168484
-680432064
527910400
-65994836
-2002939776
7649169
-2216323
-18237760
-467850272
2995579136
180021792
-233246976
-208257136
1705686912
21067
14767
572128
440584
6011691
147537
5991
72978
87042
71668
219347
1178871
81814
11374
117006
127453
-25690048
-5004
71263
245162
3342964
9692863
4423658
-63883760
-174968720
2888522496
-16125733
-6975189
40773
136924
522116
455366
88233
-254146
-105861224
-5403379
255639
-52322016
11023080
530743040
3221956
-6270035
325298
263588864
-128087584
1813567616
306053216
-78889104
25181736960
74103600
-63189756
-119526464
1835688
943003
481568000
-1222485
748988288
-67124528
16045452
-407537024
25736528
6023105
-1613434880
880825466880
655525888
-3236461824
3440455168
4188516352
5979928576
-13283654656
33822888
-690332288
3782423552
-43944767488
-58534969344
170091
34127
733432
770447
18535428
231545
8295
300798
299372
68965
189070
1281505
74998
34901
764201
776744
-1191594
-7793149
-247372
1576731
-12955653
2440742
4628374
149497232
-15011695
-1739853696
-18104534
32877448
55805
221946
1284296
1256141
112550
-1407089
-1093430016
61483232
3559904
13159652
-165700944
-290402048
27080608
-175403008
-25711028
-233764768
22474780
28421054464
-125011
-28000704
-631162176
-990684800
-479485568
130083568
1428163
-12578046
-491699424
-2888487
-11131035648
-2612741632
-4077272
-62534762496
-324780416
239799472
-223420032
-470077636608
-47605538816
-4104268800
-3281804800
-41955958784
51330203648
684120000
846937472
2367242752
19550582784
-67464773632
7419604992
63800
8835
532981
606272
11416490
129235
9863
212270
155562
52203
500675
1308023
77158
24203
340914
214959
-34432152
45966
117438
-272591
-11125939
464865
2076508
-1733757696
-40057888
-33972080
-7473069
-146962
64699
349931
1021310
4813064
111598
641888
-5653504
-39401920
2241785
56153976
-990435
98809616
3530880
9807730
10384252
-367116608
480443968
8446140416
273864480
-21396612
-25493440512
132869672
-18422086
286976928
2386101
-11397314
-649557696
-22413110
-10767681536
110483200
-107650800
-1063000192
3646636032
-96409224
1454719744
151397515264
947363136
-1324446336
-18281517056
-5788160512
692786364416
2405325312
-3243867904
753200960
3426148096
-28157970432
7300656128
30378
3908
665600
631949
12681234
166275
6527
73342
52772
72253
205186
962194
76455
13850
193632
146377
-82081552
-8185806
16338
999853
516809824
-1832118
2557039
-4972100
89147
1078579200
-15803818
16053330
38515
64123
338879
896029
-171371
-39907
554639040
-726188
921415
-211797632
-14175527
29442758
5997011
-4837726
-3227019
8568220
565187
662817280
4848167936
-4983792
572952576
-4674676736
-1135868288
203728736
25602
-2663095
-2970923776
-4697744
336233344
1028488064
24227412
-7862648320
-163295792
-389673568
-41395264
9635342336
-4179045120
22917262
25570615296
715413696
101510545408
-1386672768
-233441584
1586099456
-4370254848
-18768093184
259235512320
92504
646969
939196
218761
156793
516793
35941
1309909
70219
514998
448892
10549058
-464531
3542093
927938
23791732
-58678
-49650188
-1151403
77902
3167247
-68540336
-19570422
-167041536
-20371242
14035383
225546016
-14768758
33864712
-30911012
-15689582592
436011872
-83130248
273517440
72536240
1552496384
90468
31898
212653
1078953
10789
37763
144035
44746
12183
57622
351291
30117
106204
424734
92653
-111611
518101
2138316
12781
67983
-214550
176353
-956651
908084
4029
54371
253299
-1346422
166698
491573
-20996722
671330
108928
227629
4882314
-18017068
755668
1512755
30804752
9637614
-43616656
-444061856
171650
35669
660893
794718
11093
281212
314639
89752
60392
77941
1275663
32079
665261
682611
1016188
302144
100490
4977125
57656
77166
-52345
1023805
-3074793
-1307672
370187
241197
358019
-1300724
3527188
-9687269
13728562
3228275
503541
4852039
-39534148
25104652
440822
-286334176
6503411
133206944
15468495
4600945152
