79851
16048640
1458075
1709781
7491903
428612
55900136
11052
-419628
36337036
9405
-378486
173407
705630
303005
698213
771910
188386
11630
780683
1227386
53564
32260
326559
263105184
49655
126748
1018612
10984892
64566
23267
315516
447953
20126
40
200
10223864
132504
78064
10223864
10234398
45485
55035
245567
596
2734033
-25245
11091
302620
63543
63500
11050
90414
-29519
291926
69617
137280
289932
31965
-124330
2704241
32918
86112
2488080
1056687
20334
62294
144017
29072
433
62294
4582
173065
35157
670344
11077
261948
45464
35034
670154
176221
45455
176191
170249
32792
11102
77059
34658
964082
353561
-590544
36980624
242937
42543
84481
40496
244
272870880
256660
2489
1799
42036
289619
3660301
89863
79851
16710460
32603
3660301
-692457
93000
206773
9872
60506
-192539
-41343
80977
99202
1187068
1056687
34789
1486002
37048
79851
232039648
1187068
1056687
1486002
232039664
368186
956304
31021
413771
38786
67113
19383480
239532
475290
298796
6672465
235010928
10967392
64129
12470361
140071
20007
52988981248
2038871
221701
425598
19402568
323873216
505601
19556
593512
62790
40
4367950336
157483
200
440
6299
2201378
3321285
24049
1056687
33891
77791
596251136
2169982
3271463
1185324
593169280
346990
10238947
92013
41772
913
68895
98924336
70700
1984289
18346
3169724
345663
10723396
46989
41442
381
57353
84005136
4204
261931
3236
52313
35295
642583
865125
59346
69701
1057588
206322
282841
3460999
371988
1633681
1423047
9976404
126204
443440
42002
79006
105742736
1423047
10294999
443440
105742744
69114344
10235746
48981
6011297
16892
58111
27975032832
194277
281119
103411
2034610
9249
41873
3544708
58078
-4765
-81252
190339
174765
560
1091
22791
53752
-851
6982
5044
-12533
213642
1331347
150600
41569
915414
-175018
-303259
-7177668
916826
38775
452527
62843
3728285
68676
404170
58846512
264252
550289
7661811
1236745
130349
15878293
8538
190399
58524
181951
120985656
659318
51156
2101105
2639317
1816
3591110
574
1103866
2560
1291
503641152
6576
2275
6272
25695
31580
691045
847176
3133
61284
56627
55293
66311
1228382
10594
160411
147586
194687
262343
3952843
19015
18097
334037
403975
69251
65948
964936
1730990
114676
454094
535671
1794583
356545
178353
131564
4636
9880
14444
41444
810
25576010
1320425
535671
4581217
1794583
356545
222147
131564
4636
14808
60601560
25576008
1320425
4581217
222147
60601560
393181
15890691
11026771
20475
24105
18817
53
1056687
26948
5321
118159200
66690468
222
2809685248
52366
3672
3829734
120
16
4930
21963241472
-18252828
58
11645
56
224
11575234
71021
3244883
8862
83727
3589712
65951
28435
649
67832
86718696
3183702528
666674
20762610
3254
201495
16621776
18142
876769
9988
27903956992
336373
34614068
113727
553968
18597972
32749
2202146
3322860
1561
60591
62905
1716
1056687
11130
40625
3842095
3861488
255
596329344
2276
5340
4116849
2054
5670
29249
917236928
1129
1501
14692
12469
9812
1774105
54459288
15361320
62181
902413
430601
35799
3494467
51691
62539
600488704
145721728
332175
14223472640
565858
427027
54439732
236070
186140
288162
-902329856
-50992176
3660633
6349008
2418433
76034608
311724
263105184
15716615
75066
494123
73766
4137
16057294
152743
61425
360985600
24666982
68599
78760419328
2563676
552707
39205300
148234
31954
1054352
64145760256
8561196
1237854
42487664
2754917
654012224
33309
90072
11097
42188
445300
79851
33295
7987
881045
20651
-128897
452644
-76378
-1561636
-113874
95533
112443
28345
3772
229
1774
18209
65153
852
16393
-14680
4080
3728
13729
-6016
-84031
19091
1972
-49769
596
50205
54807156
3632995
148177
60582
15948894
-20960
1751145
-4978
1759830
333338
11926913024
980375
8653
4704
-15184555
41739416
1051642
596
90584
2737086
3728360
34789
79851
1056687
-5338
-7049
-112407
2737086
3728360
535001376
1056687
4567
-249
-497324
535001376
559492
596
67930
121174
3723967
942
72791
41153
-4501
250
6350
32380
738281
41473776
16394
-6882
-106525
-77979
908830
-42611
10950
28082500
2712537
3676560
79662
6053427
6167152
58416
1052150
30067
71494
2357132
-386261
2376350
-23120
5501744128
5052664832
18631048
524530400
2409832
2954776
1436127488
5699168
5385663
858085
1179737216
-551726208
-1787467
47790756
2450525
10179
1612422971392
4757767168
4664599552
488657184
1389418112
67128598528
207025024
-83079424
167283808
1593915604992
-143462481920
7972
416123
196751
217519
9921
2638909
3624412
48768
1056132
19995
60793
395469
27803
-17053
-16857
30215448
35509432
113661
15012180
46721
79008
510775360
165958
328282
273568
32860004
-44223192
-24120
-14687997
-89604
10744
4939100672
2869244
2841756
-5107876
3679189
1499437056
-66429
-1424227
-253906
130188112
85931408
174305
33326
865125
11102
328176
3690759
57955
316252
67286
33326
865125
223958
1714
1245351
316252
551019
-9999
-549452
483648
454662
1245351
-13424587
-2439486
-19681200
9959917
-2032759
-14621257
3053289
-609870
4163161
-121411640
101397392
-250855
5113743
-7371695
59564716
28256
28803
669194
4556
47828
183601
9723
156174
64342
12295
119851
135573
12623
572851
28434
-31020
10129
-131124
20689
91862
83029
-588544
-50363
4350389
-377417
-202442
3002637
210619
39985
-258014
22712596
-9837
123326
-384100
2268956
7635941
1532
2957
58321
3842
62202
163757
11323
316252
79851
640
10043
-4433
4468
133257
31875
40069
18085
-292800
-62966
163757
5794
-77605
-10195
-442414
63554
76694
3625724
353139
-16100
299843
-6352467
772919
68544
-253546
-11171688
1037511
65658
18301
4185
7995
998
430179
35623
559
63526
15116
2475
238704
-46653
1887
369
36096
-54593
6197
-826
221968
974
-331907
-27201
64745
10577
-417538
6680
-1112
90361
12431
-54675
26954
-46432
106456
-70024
-22163
4386
34640
671772
10988114
171050
527
10628
60597
34635
1613
25205
593383
2218
209956
-1139475
-221025
-8307031
6474443
10988114
2869
10198
-3659
780
-735879
-14707
-1776887
331960
224876
252338
-23198812
30614
51644
-1990367
-12807401
-1417774
6973474
17103
24679
161741
7472581
53154
3043
11016
12841
18677
6935
26496
33897
4279
38729
-153041
-690955
6607842
685
203806
3997
12972
267793
5382
11144
56186
-2433737
-504012
-2801846
14741
-3881319
123157
-25177
263159
-30177
1573915
-130318
161074
35199
172576
356034
170260
10545
86319
10684
839
30862
153404
431706
2813192
33712
-849
11097
-131
571989
356034
10043
29571
95263
9741
-17319
5204825
-63603
-175727
17906
771
-55730
-163584
92471
-8634
5761
221549
-385319
4460
22358
66548
7442989
42661
670
2637
10006
17166
1444
4460
43479
103986
22346
-330644
20528
4549657
-531735
76983
670
1444
-459682
1754
1524
-88090
10680
12837
134059
9743
596528
-421676
1758
-277082
18724
48194
-20491
174305
32024
704085
862828
15900001
11102
303010
327152
71242
315611
1327972
33388
704085
862828
2441106
232285
1026575
150132
4245830
-1238271
-9467636
71242
315611
1327972
2461248
232285
1242977
130350
4245830
709700
-16132945
10257634
6835020
102372000
-27633388
2461248
10257634
-193706
-5373697
1350766
-397887296
-979015872
65319
18836
529790
589658
10238947
7258
211947
128465
65334
287359
1328246
14505
372882
230062
100548
129075
495636
1108687
2786954
1498456
9058993
44651
75613
762635
2243020
99251
162684
-184309
1483276
-28001254
-28682074
3825442
14650255
-90511088
-173411696
507603
1219820
5117620
128723
1295065
72030584
-46418464
22391
32679
701779
673007
15818932
4664
64200
46899
71242
178630
983609
11134
134334
100438
1673752
227730
653811
-350931
3091669
1015966
3748477
29224
37735
280772
1354730
76119
97802
108707
650689
-2388665
-1903910
5409092
-2809978
171330000
8232635
274474
682253
-3920956
5708311
-73486384
-1089543808
69650720
174305
33326
174305
97054
15900001
10948
91976
33691
11102
130148
33691
33326
174305
97054
6947474
33326
520705
-46090
97054
491731
-49798
10966
130148
33691
130148
33326
520705
4845565
97054
-1295194
543411
520705
2797223
-40581216
11267094
130148
520705
7228063
-68109968
-6487220
21035748
-11305319
134031
20522
2681
591108
9940949
10626
1038
319008
537
316252
10299
19618
2666
562905
4067117
1218
554063
3670583
28764
681
5594818
411
216565
8778
43278
1039
358992
95933
24955
-55734
1927851
211858
37674
-169570976
399373
8378
17430
-252450
-25412296
-1659478
4402938
907961
78162
32941
664704
8289
13258474
10595
197778
1184
64479
597
10773
26711
410781
3495
-172035
206901
2861
-236719
52698
1465557
-385383
60962
544
7190
4263
161596
1966
-704705
23662
469190
-12752
22304
10649729
1725125
3727184
3773
13715
5811949
-71301
-5191755
-231498
-1744556
86053
704085
865125
207015
118732
409126
40508
1331347
79851
488583
302981
345830
-96257
4255848
700696
-1805641
172631
-411802
24902
409126
2013844
-6123963
1006256
1346423
-1336706
-316661
6513515
-3632182
-12895
1796116
-50673444
13572448
786689
-11510826
-10925938
-62390492
58070
527280
589000
201156
112363
377700
30671
1331347
56526
321700
181841
-204317
113687
2784147
665901
277455
235671
325643
47374
122301
1190115
758163
-437071
-2203442
-219830
-69246
-1883551
-1997830
-74297
-62044
118699
-8983740
1907505
-2584321
-527779
4878598
83428
173731
683288
41710
94239
425933
26496
262116
48141
83428
224227
3908
383819
683288
94239
-171884
16078
-1277186
-391943
86270
224227
-171039
-28949
3842999
165576
-568451
477504
-126939
36396
475374
-4808723
-146986
-193086
-60062
-801891
1691287
30578
704085
97054
73582
25932
201916
11555
214245
71850
194727
65424
20296
6524
704508
154585
195327
-7442
-39648
56048
138289
435424
-696863
-318295
-1049844
-47774
-297367
504497
-351475
-36998
-110986
-17353308
4018689
58223
-741902
-503000
-5107442
29284
704085
3733
74452
495
215690
12841
7927
79851
183554
1557
482728
2739
24882
4233
-292196
43983
1517
-2561
215690
14143
-1151271
-267846
55593
4546
-67909
-197751
-8917
-516862
2849
326942
83866
1268170
85585
66669
-254632
20059
529790
590979
67005
71437
176721
7505
1331073
55147
127200
130442
-43780
18819
2902435
435449
421014
-8081
-1441248
53147
35682
893715
-1178930
-151641
3137700
-618534
-107978
2290916
-629213
67918
80485
-5652623
11709616
-173788
-142636
2288878
1410586
1659783
160207
39797
1459345
657592
132712
12426
657592
260852416
62423
149025
1771584
263105184
69018
163513
2323452
10993960
170480
34664
10993951
11029918
166415
33533
10862842
591108
61550
134887
328064
-48746
591108
-10776
-392367
15796144
73909
68130
758411
10223864
132504
79610
17228614
54725800
145895
49174
1356723
1008487
205970
10205
582617
54200976
178928
63604
4197329
293859
37249
25867
2162683
34789
46273
2162683
2737086
27929
72152
1100297
704085
864796
174305
1330735
303187
327888
4254157
704085
864796
1330735
4254157
524706
456127
133397
985080
300353
262116
2029246
520457
456127
985080
1657429
783881
11015599
164047
171377
11436
32349
70306928
697548
10544032
129111
56359400
1787527
11030553
125725
372328
39132
28895
129983960
1100480
3412592
248542
40855660
1458221
7491903
47188
373777
32854
18280
100572048
224804
113650
53869
1490297
86810
865125
125349
40645
310335
-21491
237107
69714
115487
589044
271632
85857
407891
54324
-126963
-1918015
143872
443526
42000
79593
100266
-231903
443526
-71137
371909
1056687
23113
450917
37799
66192
22611584
151229
204329
253539
3778084
260664624
11031325
57512
13983299
139728
17404
57449459712
1643026
141015
320887
11075893
166885008
7472486
80882
14111005
194813
29904
37978808320
5645148
439676
1861587
183537152
53580752
10790526
46532
2639317
40568
11735
10560549888
365522
48772
36614
569476
2087379
3203614
24368
991738
33690
77535
537352256
2087379
3203614
991738
537352256
1986753
3321285
24049
1056687
33891
77791
596251136
2169982
3271463
1012835
593169280
22016
529790
589751
134887
55626
53419
10055
1326706
303187
324350
136011
140940
22016
2681938
529790
589751
377582
55657
53419
1326706
978405
140005
130027
2786997
377582
978405
23304
535007
591108
134887
59832
60440
10423
1331347
303187
328064
145541
146248
23304
2793122
528836
591108
427169
59832
60440
1331347
1104151
145541
141462
2793122
427169
1104151
32645
642530
864063
174305
52257
64075
10032
1260416
272582
327650
185957
267713
32645
4023575
641816
855480
428079
52257
64699
1260416
1957551
185957
267713
4040813
428079
1957551
31229
704085
862828
174305
54502
56757
9549
1327972
303187
327152
194539
235437
31229
4454621
704085
862828
401079
54502
56757
1327972
1839326
194539
235437
4245830
401079
1839326
581781632
15833285
70208
16322646
136807
59312
79235432448
1423316
345737
739163
18382872
52345244
15674319
65943
3455248
49719
61561
13701953536
1031868
540560
341222
19424780
257948496
15329217
70030
15901240
162695
65776
76713574400
2697536
609782
1155518
43927632
22310876
1331833
1192
15953577
167503
69535
7234622464
49318
14309
1242771
986987
217448
977123
109665
31729
645020
-98305
42732
311331
200703
1288522
130721
34830
761196
13165
-43797
1016333
674563
22618
6367202
35776
399188
65475
139036
64185580
181824
203957
1936953
54661696
229795
16318029
84828
3716905
75698
49191000
12317095936
14328073
3349913
11637523456
329862
47834
3129544
9739
191853
62746
80133
24863332
284345
77198
1116000
47376444
279018
16203910
46943
3115494
79851
47376444
11206879232
16203910
3115494
11206879232
1454263
281808
16322646
12912
216873
79838
1454263
154355936
16322611
216873
154355936
14104617
156020
16293878
19477
1053933
64907
442957
3133987072
1043962
120415
6351775
373623
21676
449327
10430
1046838
38533
11332
22564580
90270
23386
56205
14111005
281859
16322646
34789
1056687
79851
14111005
3136348160
16322646
1056687
3136348160
22210
21077
529790
468748
3711
74548
66189
52130
35692
989610
8956
142432
124001
126820
87697
2118536
23304
25523
415486
243903
61110
63070
878864
640157
184562
490921
25695
31580
691045
847176
3167
61284
56627
55293
66311
1228382
10594
160411
147586
194687
262343
3918357
19015
18097
334037
403975
72095
65948
988335
1730990
114676
454094
87626
35173
701334
676895
10666
212732
97099
63615
45487
989610
33535
492974
247189
219124
180486
3134682
61282
35146
564227
306302
207359
131280
1629135
1336950
226973
914210
167242
30379
697276
52606
10074
298469
62670
28359
659776
-73840
203839
73006
-5862927
61674
185637
896315
618511
4119215
723954
65529
22337324
35785
1933
2630392
19791
36915
590855
170323
771
141069728
328256
9481
209235328
315245
925
8924314
1284580
11044
58846
187766864
2477892
12940
212898
2002061
2863626
1734830
51551248
459497
34546
836767
18269
25348
113681
32677
240
541576192
5909197
274821
480939232
108073
1299
2011745
72816
676
17147
4064750848
-82599376
7189
8772
5057
96484
263105184
15568550
146540
50973
15812416
599646
128316
40644
55320
427
78147485696
2738898432
1147749
138483680
295550
6607
124537264
642330
61585
3780
913283743744
11961136
785324
-38575304
1750899
32888285184
609866
162374176
10238947
4586
1198886
183858
741
15948847
18745
11599
832493760
58231424
881
47420997632
19761
7870
115569080
3017
1348
27920
203750653952
5222
2324
21747728384
6698
16698
28846
167312464
10238947
133589
61634
8897
866
16322646
281859
79851
23471104
1610002
34255
49002545152
167312464
10238947
3360391
61634
8897
16322646
2263957248
23267236
1610002
49002549248
3360391
2263957248
868002
256479280
15518956
57627
1427072
211843
9610
22328390
144407
61518
1581408512
101351824
119580
77821452288
1765715
410288
150888976
275324
69518
869316
422358548480
11874391
1885363
25103356
4229083
255355808
26352
25066
4088
11763
180943
79851
10033
4969
182833
-790
-76104
180943
-27206
-404762
360334
-48304
464576
596
90109
2712537
4041526
34789
79206
1050170
10587
3695
-100463
2712537
3665459
522510304
1050170
94360
1210
1451278
522510304
-16427834
166502
30009
865125
6824
264920
3483198
88461
291690
77692
18602
607655
-153478
-341296
1141338
56968
1778618
-105829
-896299
1563403
3483198
159813
346189
-61319
8049495
131816
856810
-112435232
-1305846
38241
-709738
-272504704
12105295
455987
-3978743
-117942760
-364650496
20043
18089
529790
582959
10266751
132712
6218
71953
87809
62530
268505
1314885
78544
10139
125100
143102
-2054681
423900
124141
466494
2365636
75775
2753908
-1294563
-5409828
-31375944
-316929
10178277
40467
133657
542064
2103120
68374
163605
136756
284242
967844
-218562
2601588
2729884
-2312561
-875785
3618173
3647824
2475919
159784752
-9190658
1627734
27893804
2860955
97164
-2510555
959222
1178501
1615432
1423621
-1618764
-10837193
390102
101522336
30107788
-1863940
-1564574
340231968
-95601104
-3436980
-36459484
200378080
-119790128
7858695
-39688904
2852227
-41916868
-366164096
182925872
171647
30393
704085
865125
15900001
171470
8786
298827
299322
65334
287961
1319350
79851
25188
692309
742435
498036
119268
211971
1122938
-8908151
-74090
4255848
-1297691
-344368
13418357
8328467
15900001
54737
119632
1177021
2247616
172885
390091
-1467007
64665
3460806
-528593
-241769
25067054
-74322
680803
9004517
25616638
-6712037
17402402
10135940
833479
251612272
812959
-2857293
136505248
797534
2793773
-1300859
-296210
-646275
-1040485
262533
13294847
9138
53405832
-4046643
-160951009280
-63679828
92462
25268804
-9557791
397921248
-15700963
3038787
47347332
-17715950
-483503328
-58154696
64406
19912
527835
585989
10225026
132451
10683
215985
152614
69462
303416
1326566
79851
18316
360873
253217
2182448
-28237
136431
520276
2112815
-128700
2763952
-2739718
145980
-10854387
-1148848
10225026
68389
300737
916889
2575103
121625
488680
7236936
87172
1752614
1679594
-89769
-631584
231260
81992
4030299
-9036590
-2807001
127335752
79451408
-444157
-20547520
-1997506
-25875538
55060932
2342248
3701478
2094986
386887
-87894888
-952730
1588797
-147676848
1038746
25941442
-1614928
-377035808
173526416
1754420
33615960
284978144
-863404352
1259022464
-3138076
-94826160
-23311876
388170432
7896097792
29236
29657
699208
668933
14929017
170249
6021
71359
55066
65334
164951
987389
75910
16583
185793
146285
82651
-250651
206697
600807
1217702
-227137
3076706
27268164
95965
-547364
1962039
14929017
38925
65432
339466
1251420
116033
186721
393308
-1904279
1000676
-3751853
-1491843
16207323
4402895
1851895
4890045
-60392244
12537
17178980
3822647
359336
15739290
3501263
61512748
31187234
445535
1459596
1308662
3942247
-10058429
-392773
-96167
5055848
-23642120
2266319
-108266
46763380
-21233884
-7646098
2043066
6746436
45708304
-99027064
535582
14004174
-16916138
-72088848
36790020
90677
704085
865125
217851
154617
451967
37022
1331347
64490
520351
427774
-98639
42319
4255848
948354
-39682
-20117
-960709
-88001
210347
3005809
552238
-59671
-11354314
1983697
-47667
271067
44687
256014
1011754
-99537576
7091494
-692833
8888800
-669603
63152176
90314
33859
210237
863038
10581
38637
150090
41977
12272
64243
357171
33758
117788
412822
115297
51426
265135
1411723
12249
61687
23695
177782
15322
-12065
90846
50190
251465
-81884
668362
146539
877862
458451
89564
18419
-225727
-345068
433227
48895
-955611
4648063
-119734
-3153897
169983
33456
679915
853748
10494
289244
319484
89639
56948
68029
1179398
32546
659401
803828
-553380
204137
267839
3807034
58730
65064
-854
1156329
-22045
71333
392394
197103
248612
-44164
3482755
987452
-5746500
1706906
387888
-57783
-123384
-198940
1586326
-163014
3942215
-17619392
867629
-71056384
