79851
10220614
1458075
1709781
7491903
428612
55900136
10972
-20407
36337036
9405
134440
173407
704085
303005
698213
780683
169446
11630
780683
1227386
53564
32260
326559
263105184
49655
126748
1018612
10984892
64566
23267
315516
447953
20126
40
200
10223864
132504
79610
10223864
10234398
45485
55035
245567
596
2734033
56150
11091
302620
63543
63500
11050
90414
11366
291926
69617
45563
288438
31965
5574
2704241
32918
86112
2488080
1056687
20334
62294
144017
29072
433
62294
4582
173065
35157
670344
11077
261948
45464
35034
670154
176221
45455
176191
170249
32792
11102
77059
32792
26150
4551
21128
36980624
242937
42543
84481
40496
244
272870880
256660
2489
1799
42036
289619
3660301
89863
79851
237591
59939
3660301
25273
93000
206773
9872
60506
-192954
-2030
80977
-50903
1187068
1056687
34789
1486002
37048
79851
232039648
1187068
1056687
1486002
232039664
368186
956304
28260
413771
38786
67113
19383480
239532
475290
298796
6672465
235010928
10967392
64129
12470361
140071
20007
52988981248
2038871
221701
425598
19402568
263105184
505601
19556
593512
62790
40
2724339712
157483
200
440
6299
2201378
3321285
24049
1056687
33891
77791
596251136
2169982
3271463
1012835
593169280
346990
10238947
92013
41772
913
68895
91539520
70700
1984289
18346
3169724
345663
10238947
46989
41442
381
57353
91443368
4204
261931
3236
52313
35295
642583
865125
59346
69701
1057588
206322
282841
3460999
371988
1633681
1423047
9976404
130707
443440
42002
79006
105742736
1423047
9976404
443440
105742744
69114344
10235746
48758
6011297
16892
58111
19491643392
194277
281119
103411
2034610
9249
41873
3544708
58078
2376
32809
190339
11142
560
1091
22791
53752
157
2390
5044
-61
213642
1331347
150600
41569
915414
-10365
3781
146522
916826
38775
452527
60142
3728285
68676
404170
58846512
264252
550289
7661811
1236745
130349
15878293
8538
190399
58524
181951
120985656
659318
51156
2101105
2639317
1816
3591110
574
1048797
2560
1291
503641152
6576
2275
6272
25695
31580
691045
847176
3167
61284
56627
55293
66311
1228382
10594
160411
147586
194687
262343
3918357
19015
18097
334037
403975
69251
65948
988335
1730990
114676
454094
535671
1794583
356545
171470
131564
4636
9880
14444
42167
810
25576010
1320425
535671
4581217
1794583
356545
222147
131564
4636
14444
60601560
25576008
1320425
4581217
222147
60601560
393181
15890691
11026771
20475
24105
18817
53
1056687
26948
5321
118159200
66690468
222
2809685248
52366
3672
3829734
120
16
4930
21963241472
813
58
11645
56
224
11575234
71021
3244883
8862
83727
3589712
65951
28435
649
67832
86718696
3183702528
666674
20762610
3254
201495
16621776
18142
876769
9988
27903956992
336373
34614068
113727
553968
18597972
32749
2202146
3322860
1561
60591
62905
1716
1056687
11130
40625
3842095
3861488
255
596329344
2276
5340
4116849
2054
5670
29249
917236928
1129
1501
14692
12469
9812
1774105
54459288
15361320
62181
902413
430601
35799
3494467
51691
62539
600488704
145721728
332175
14223472640
565858
427027
54439732
236070
186140
288162
111788720128
6196023
3660633
6349008
2418433
86914176
311724
263105184
15716615
66480
494123
73766
4137
16057294
152743
61425
360985600
24666982
68599
78760419328
2563676
552707
39205300
148234
31954
1054352
64145760256
8561196
1237854
42487664
2754917
228748320
33309
90072
11097
42188
452644
79851
33295
-4632
-49930
2364
23052
452644
3125
135494
94230
33320
-42420
29229
3772
229
1774
18209
65153
522
538
-755
366
-3
13729
-2045
-15964
-1970
372
16281
596
50205
54807156
3632995
148177
60582
15948894
4437
-1203556
-2590
1759830
333338
11926913024
980375
2729
-99
-270886560
41739416
178892
596
90584
2737086
3728360
34789
79851
1056687
-335
-1872
16348
2737086
3728360
529868608
1056687
136
6731
-12148429
535001376
773151
596
67930
121174
3723967
942
72791
41153
34
138
-13134
32380
738281
24804704
16394
-351
6627
-583967
908830
3095
10959
21426820
2712537
3676560
79662
6053427
6167152
58416
1052150
31148
71547
-61385
12531
-21285
-5090
5501744128
5052664832
18631048
524530400
2409832
2954776
1436127488
5699168
5385663
858085
-8413147
-2620844
505998
13812659
17991
-5752
1612422971392
5383223808
4664599552
488657184
1389418112
18430556160
-41749416
-25820000
-2247323
1593915604992
-8538400256
7972
416123
196751
217519
9921
2638909
3624412
48768
1056132
19995
60793
-38371
61026
18964
-158
30215448
35509432
113661
15012180
46721
79008
510775360
165958
328282
137842
-2160334
1693259
2267
-8540171
7503
-3832
4939100672
2869244
2841756
1030854
3679189
-3444713472
1043132
278451
-76375
130188112
-69668584
174305
33326
865125
11102
328064
3728360
57955
316252
67286
33326
865125
-2078994
33000
1245351
316252
47805
1864
-1987
-30510
454662
1245351
-51167
-1110
-16113081
-136853
-309670
-3794005
-172962
11752
316828
20173044
1517227
9322
-116842
-97492
7364436
28256
28803
666440
4556
47828
183601
9723
156174
64342
12375
119851
5438
2058
572851
29438
-5622
-1324
-69739
-3415
91862
83029
46183
-1034
2425
4275
-34324
142378
5896
-1251
-50496
-633804
250884
-8365
-275853
117316
-876091
1532
2957
58321
3847
62202
163757
11323
316252
79851
640
10043
157
-417
133257
31875
12260
1108
-17649
5828
163757
5794
-4390
-385
-54222
-2427
2503
-576524
-48055
88
-10588
1139
107149
10216
-14657
905541
-375856
65658
18301
4185
7995
998
430179
35623
559
63526
15003
2475
-90698
-6190
1564
382
-24530
1170
2642
-202
221968
974
-14300
-4594
-123
-399
-20017
-2781
-70
-12431
-880
-24851
561
-25539
309
2480
-7847
4378
34640
671772
10988114
171050
529
10606
60597
34635
1603
25205
-115173
2458
209956
1166560
-5402
-408539
-995424
10988114
2869
9270
-43572
49769
3020327
2275
-63685
-1204765
-89240
333861
-319868
-200274
-1143
33404
-849274
-3007266
152502
17103
24679
161741
7472581
53154
3043
11016
12763
18677
6935
26496
284135
11067
38729
-858202
-21525
4359901
-197311
203806
3997
12972
179114
204
48921
-2563
642
1990870
-7801
9279
-34024
-81447
-32829
-36297
-97180
-89633
12930
161074
35199
167345
356034
170260
10545
86319
10684
809
30862
155051
-28600
-5135
33712
1172
-2899
231638
6692
356034
10145
29571
-187
28405
3441
1331
1603
-15474
5068
6872
-1870
1002
93387
70164
61152
-2569
1225
4460
22346
66548
7442989
42661
670
2637
10006
17166
1444
4460
100151
7712
22346
-1106731
-31123
62911
79499
76983
670
1444
609
-261
-1113
5508
16530
50029
2790
-15703
-6626
6981
-1277
-1164
189
7072
465
174305
33326
704085
862828
15900001
11102
303187
327152
71242
315611
1327972
33326
704085
862828
10552165
232285
1242977
-901077
4245830
-254425
28243880
71242
315611
1327972
2461248
232285
1242977
209408
4245830
38926532
25031902
10257634
-291195
37630992
-9138884
2461248
10257634
608240
39727760
114864192
81796808
273854144
65647
18836
529790
589658
10238947
7258
211947
128465
65334
287359
1328246
14505
372882
230062
38807
129075
495636
-20305
2786954
300154
553136
44651
75613
762635
2243020
99251
162684
246380
1541181
-12375599
-216534
3825442
-853847
-4423152
-4768677
507603
1219820
-873469
11344555
-71184528
-41818840
-9665283
22212
32679
701779
673007
15818932
4664
64200
46899
71242
178630
983609
11134
134334
100438
-44647
227730
664648
-143605
3091669
-32595120
21558088
29224
37735
280772
1354730
76119
97802
152792
650689
-359266
-4715790
5409092
-8098081
-901514
77373752
246170
682253
2440408
2545693
15259410
-318919424
56112848
174305
33326
174305
97054
15900001
11102
91976
33691
11102
130148
33691
33326
174305
97054
9682565
33326
520705
-1953764
97054
10760167
-2741127
11102
130148
33691
130148
33326
520705
-391577
97054
-88105
-264270
520705
-5120
-14757714
-92358
130148
520705
46822
21940732
-217968
-18651038
36062420
134678
20522
2681
591108
9940949
10626
1038
319008
537
316252
10299
19618
2666
562905
14679
1218
554063
-2071279
28764
27276
23985320
411
216565
8989
43278
1039
358992
-27313
24955
10980
-836521
83851
48362
-13667126
-1049666
8378
17430
15145
4954305
194125
-1105301
597389
78162
32941
664704
8289
15887427
10595
197778
1184
64479
597
10773
26711
410781
3495
1307072
206901
2861
-134242
52698
33749064
60924
60962
544
7129
4263
161596
1966
209800
23662
145779
-79113
22304
178987
-127968
-2491072
3773
13715
3974281
86124
1891561
-358561
448712
86053
704085
865125
207015
118732
409126
40508
1331347
79851
488583
302981
116735
5394
4255848
700696
-179517
-2479
-237106
-12131
409126
2013844
-165214
3613
239846
-34829
227566
-486478
-62267
55777
-9704
-1232844
230539
220222
-62660
2930059
-5508133
58070
527280
589000
201156
112363
377700
30671
1331347
55970
321700
181841
-1849
-17666
2784147
665901
-279807
-8710
-8651
5087
122301
1182515
138253
10185
-189095
-6633
20043
-406017
13830
-96
33933
-3665060
-700315
17757
51207
177634
-757398
83428
174305
683288
41710
94239
425933
26496
262116
48141
83428
224227
-121252
9137
683288
94239
-29576
801
29911
2416
86270
224227
15317
-385
-730952
47620
-590
10993
-10546
-9245
-6225
-1154418
24145
-2566
-4391
-21377
117658
30578
704085
97054
73582
25932
201916
11555
214245
71850
194727
65424
60105
1009
704508
154585
32656
1646
21456
556
138289
435424
230953
-17989
57654
-15829
-61702
218313
-1658
88772
9252
-8980043
-546838
-2346
66452
-308475
-692373
29284
704085
4010
74304
495
215690
12841
7927
79851
183554
1557
15120
3617
28377
4233
-347800
-1351
-1910
36
215690
14143
-110021
8201
-9980
-459
-97180
17703
-2869
-224954
-583
-39755
2936
108955
-912
28971
-126311
20059
529790
590979
67005
71750
176721
7505
1331073
55147
127200
130442
-35275
1432
2792760
435449
37222
-2091
64310
-8413
35682
893715
34225
-14846
-190656
-8368
-8409
346470
57374
-20511
4197
-1790066
280119
19240
52671
99130
-554083
1659783
160207
39797
1459345
657592
132712
12426
657592
260852416
62423
149025
1771584
263105184
69018
163513
2323452
10993960
170480
34664
10993951
11029918
166415
33533
10862842
591108
56533
134887
328064
24283
591108
-3929
-354
15796144
73909
68130
758411
10223864
132504
79610
10223864
54725800
145895
49174
1356723
1008487
205970
10205
582617
54200976
178928
63604
4197329
293859
37249
-3652
2162683
34789
46273
2162683
2737086
27929
72152
1100297
704085
864796
174305
1330735
303187
327888
4254157
704085
864796
1330735
4254157
520457
456127
133397
985080
300288
262116
2016238
520457
456127
985080
2016238
783881
11015599
164047
171377
11436
32349
70306928
697548
10544032
129111
56359400
1787527
11030553
125725
372328
39132
28895
129983960
1100480
3412592
243679
40855660
1458221
7491903
47188
373777
32854
18280
100572048
224804
113650
53869
1490297
86810
865125
125349
40645
310335
-19169
-97506
-190273
115487
589044
271632
85857
414167
-64449
23224
-8831
143872
443526
41935
79593
29115
16299
443526
399744
371909
1056687
23113
450917
37799
66192
22611584
151229
204329
253539
3778084
260664624
11031325
57512
13983299
139728
17404
57449459712
1643026
141015
320887
11075893
166885008
7472486
80882
14111005
194813
29904
37978808320
5645148
949319
1861587
183537152
53580752
10790526
46532
2639317
40568
11735
10560549888
365522
48772
36614
569476
2087379
3203614
24368
991738
33690
77535
537352256
2087379
3203614
991738
537352256
2201378
3321285
24049
1056687
33891
77791
596251136
2169982
3271463
1012835
593169280
22016
529790
589751
134887
55626
53419
9794
1326706
303187
326887
136011
130027
22016
2786997
529790
589751
377582
55626
53419
1326706
978405
136011
130027
2786997
377582
978405
23304
529790
591108
134887
59832
60440
10423
1331347
303187
328064
145541
146248
23304
2793122
529790
591108
427169
59832
60440
1331347
1104151
145541
146248
2793122
427169
1104151
32645
642530
864063
174305
52257
64699
10032
1260416
272988
327650
185957
267713
32645
4040813
642530
864063
428079
52257
64699
1260416
1957551
185957
267713
4040813
428079
1957551
31229
704085
862828
174305
54502
56757
9549
1327972
303187
327152
194539
235437
31229
4245830
704085
862828
401079
54502
56757
1327972
1839326
194539
235437
4245830
401079
1839326
261938192
15833285
54402
16322646
136807
59312
79235432448
1423316
345737
739163
18382872
52345244
15674319
65943
3455248
49719
61057
13701953536
1031868
540560
341222
19424780
257948496
15329217
70030
15901240
162695
65776
76679643136
2697536
609782
1155518
43927632
22310876
1331833
1192
15975345
167503
68382
7234622464
49318
14309
1242771
986987
217448
977123
109665
31729
645020
13757
-17139
206610
200802
1288522
130721
34830
759809
-26287
-26429
122791
674563
22618
6367202
35776
399188
65475
139036
64185580
181824
203957
1936953
54661696
258907
16318029
84828
3716905
75698
49191000
12317095936
14328073
3349913
11637523456
329862
47834
3129544
9739
191853
62746
80133
24863332
284345
70835
1116000
47376444
279018
16203910
47100
3115494
79851
47376444
11206879232
16203910
3115494
11206879232
1454263
281808
16322646
12912
216873
79838
1454263
154355936
16322611
216873
154355936
14104617
156020
16293878
19477
1053933
64907
442957
3133987072
1043962
120415
6351775
373623
21676
449327
10430
1046838
38533
11332
22564580
52993
23386
56205
14111005
281859
16322646
34789
1056687
79851
14111005
3136348160
16322646
1056687
3136348160
22210
21077
529790
468748
3711
74548
66189
52130
35692
989610
8949
142432
124001
130766
87697
2082832
23304
25523
415486
243903
61110
63711
878864
640157
184562
490921
25695
31580
691045
847176
3167
61284
56627
55293
66311
1228382
10594
160411
147586
194687
262343
3918357
19015
18097
334037
403975
69251
65948
988335
1730990
114676
454094
87913
35173
701334
681443
10666
212264
97099
63615
45487
989610
33535
502222
248888
219124
180486
3134682
60577
35452
564227
306302
207359
131280
1624890
1336950
226973
914210
167242
30379
697276
52606
10074
298469
62670
28359
659714
182205
203839
-145088
-21939
61674
185637
300
-89176
88888
-2160
65529
22337324
35785
1933
2941291
19791
36915
590855
170323
771
141069728
328256
11279
209235328
315245
925
8924314
1284580
11044
58846
1374616448
2477892
12940
212898
2002061
2863626
1734830
51551248
459497
34546
836767
18269
25348
113681
32677
240
541576192
5909197
87396
480939232
108073
1299
2011745
72816
676
17147
3870790400
535358
7189
8772
5057
96484
263105184
15568550
508105
50973
15812416
599646
128316
40644
55320
427
78147485696
2738898432
1147749
138483680
295550
6607
124537264
642330
16468
3780
913283743744
11961136
785324
89399
234941
13971410
609866
162374176
10238947
4586
1198886
183858
741
15948847
18745
11599
832493760
58231424
881
47420997632
19761
7870
115569080
3017
1348
27920
203750653952
5222
2324
46217
6698
16698
28846
167312464
10238947
132712
61634
8897
866
16322646
281859
79851
23267236
1610002
28846
49002545152
167312464
10238947
3360391
61634
8897
16322646
2263957248
23267236
1610002
49002549248
3360391
2263957248
868002
256479280
15518956
57627
1427072
211843
9610
16322646
144407
61518
1581408512
101351824
119580
77821452288
1765715
410288
150888976
275324
69518
869316
422358548480
11874391
1885363
25103356
4229083
255355808
26352
25066
4058
11763
180943
79851
10033
639
-66038
1064
2167
180943
-807
3656
19313
-27138
32470
596
90109
2712537
3665459
34789
79206
1050170
-155
-608
-4394
2712537
3665459
522510304
1050170
-4905
-38853
-12919773
522510304
-1898442
166502
30009
865125
6879
264920
3483198
88461
291690
77692
18602
607655
-144047
-19658
1141338
56968
-30136
29572
2295003
-2258
3483198
159813
-22091
1908
1429075
-33774
-75074
2122159
366202
-43531
-110699
3473013
2723053
-58636
-769700
-770643
3755882
20043
18089
529790
582959
10178277
132712
6218
71953
87809
62530
268505
1314885
78544
10139
125100
143102
32148
4027
124141
466494
-1186598
-2457
2753908
55197
360713
-731021
38306
10178277
40467
133657
542064
2103120
68374
173718
79895
-18478
967844
-151467
37483
347804
-25042
-48360
3618173
-934604
370355
17822632
253661
114992
-119675960
-552838
22138114
-2557295
959222
1178501
221937
-28213
-1463963
731964
-494874
-8769255
677285
-236285
-2679528
-134152440
176620
638069
3099456
-94774616
-7805619
-1989578
222058
2136486
-6267366
-25222268
-57265380
171647
30393
704085
865125
15900001
171470
8786
298827
299322
65334
287961
1331347
79851
25273
692309
742435
-4326620
-5638
211971
1122938
36093
-32264
4255848
18607782
-51912
25507088
121778
15900001
54737
119632
1177021
2247616
172885
390091
-824400
6500
3460806
952941
19966
-35867268
33149
-56639
9265894
311869
-89026
69452432
604127
-1323340
382483584
567174
40396952
-47890228
797534
2793773
-2332706
15427
623849
71317
1611470
504121
1289593
288394
1396393
538091648
688606
-1824604
36769416
-187038544
-42635372
-998850
-2334304
-2190542
-79966040
229130592
-8377832
64406
19912
527835
585989
10225026
132451
10683
215985
152614
69462
303416
1326566
79851
18316
361425
253217
1396081
1355
136431
520276
56306
3490
2763952
-12081440
155068
229061
-136811
10225026
68389
300737
928622
2368493
121625
488680
860635
-3786
1677253
-7335421
156813
5275798
28156
101956
4030299
-2130658
49263
8518069
-679626
310994
-22607936
-799774
-1224901
74955
2342248
3701478
13349440
-51339
9072601
598224
523093
48777944
-98513
17844356
-41324
-79485240
5722468
1618083
-7382460
-5329662
93295848
-6768276
3209894
1093018
-1980260
-36681068
-99656096
29236
29657
699208
668933
14929017
170249
6021
71359
55484
65334
164951
987389
75910
16583
185793
146285
-1096211
26121
206697
600807
1084675
-4191
3076706
-37498900
-37814
-35450884
-16079
14929017
38925
65432
339466
1251420
116033
186721
768674
-103821
1000676
-41971
13459
-5600111
84480
1344266
4890045
8290871
-321096
-8671290
267793
-2140508
62533016
-126842
104723
-994211
445535
1328499
1154096
-48103
-15284288
64795
-364692
14612
89294
-242510
-3854563
174075184
-6965169
1224333
-7227137
-154063936
-17161730
926687
4428644
2286899
48513372
260063008
-7532522
90677
704085
865125
217851
154617
451967
37022
1331347
64490
520351
427774
93146
237
4255848
948354
170487
970
8205
-19613
210347
3005809
614171
103181
-394296
-470081
-10710
-719153
-93549
-22190
12893
-3117808
-879823
-362707
9372
255344
-367060
90309
33859
210237
863038
10581
38637
150090
41977
12272
64243
357171
33758
117788
412822
-13016
51426
265135
1411723
12249
61687
1374
175223
-1240
26892
90846
51304
251465
1790
668362
13732
-254505
458451
87842
171
12310
-9752
438690
-3027
-42897
162489
8598
68977
169983
33456
679915
853748
10494
289244
318561
89639
59178
68029
1179398
32546
659401
803828
7385
204137
267839
3807034
58730
65064
-3238
1156329
66301
-21098
396051
198082
248612
-349
3482755
-61319
-311945
1706906
387888
3196
1455
74205
1586326
-58270
29912
770736
-161876
-509867
