79851
10220614
1458075
1709781
7491903
428612
55900138
10972
702068.6875
36337035
9405
492892.75
173407
704085
303005
698213
780683
169446
11630
780683
1227386
53564
32260
326559
263105194
49655
126748
1018612
10984892
64566
23267
315516
447953
20126
40
200
10223864
132504
79610
10223864
10234398
45485
55035
245567
596
2734033
70228.96875
11091
302620
63543
63500
11050
90414
10376.99609375
291926
69617
256042.9375
288438
31965
26725.9921875
2704241
32918
86112
2488080
1056687
20334
62294
144017
29072
433
62294
4582
173065
35157
670344
11077
261948
45464
35034
670154
176221
45455
176191
170249
32792
11102
77059
32792
139113.953125
6445.99560546875
21114.0
36980622
242937
42543
84481
40496
244
272870860
256660
2489
1799
42036
289619
3660301
89863
79851
16053164.0
291083.9375
3660301
16069492.0
93000
206773
9872
60506
2104060.75
58438.9765625
80977
600133.75
1187068
1056687
34789
1486002
37048
79851
232039659
1187068
1056687
1486002
232039659
368186
956304
28260
413771
38786
67113
19383482
239532
475290
298796
6672465
235010920
10967392
64129
12470361
140071
20007
52988984588
2038871
221701
425598
19402569
263105194
505601
19556
593512
62790
40
2724339544
157483
200
440
6299
2201378
3321285
24049
1056687
33891
77791
596251188
2169982
3271463
1012835
593169291
346990
10238947
92013
41772
913
68895
91539518
70700
1984289
18346
3169724
345663
10238947
46989
41442
381
57353
91443369
4204
261931
3236
52313
35295
642583
865125
59346
69701
1057588
206322
282841
3460999
371988
1633681
1423047
9976404
130707
443440
42002
79006
105742741
1423047
9976404
443440
105742741
69114343
10235746
48758
6011297
16892
58111
19491642584
194277
281119
103411
2034610
9249
41873
3544708
58078
3881.9990234375
247089.890625
190339
30405.9921875
560
1091
22791
53752
349.9996643066406
12010.99609375
5044
971.0001220703125
213642
1331347
150600
41569
915414
203712.96875
155409.953125
899481.6875
916826
38775
452527
60142
3728285
68676
404170
58846511
264252
550289
7661811
1236745
130349
15878293
8538
190399
58524
181951
120985656
659318
51156
2101105
2639317
1816
3591110
574
1048797
2560
1291
503641171
6576
2275
6272
25695
31580
691045
847176
3167
61284
56627
55293
66311
1228382
10594
160411
147586
194687
262343
3918357
19015
18097
334037
403975
69251
65948
988335
1730990
114676
454094
535671
1794583
356545
171470
131564
4636
9880
14444
42167
810
25576010
1320425
535671
4581217
1794583
356545
222147
131564
4636
14444
60601561
25576010
1320425
4581217
222147
60601561
393181
15890691
11026771
20475
24105
18817
53
1056687
26948
5321
118159201
66690469
222
2809685334
52366
3672
3829734
120
16
4930
21963242042
813
58
11645
56
224
11575234
71021
3244883
8862
83727
3589712
65951
28435
649
67832
86718696
3183702582
666674
20762610
3254
201495
16621776
18142
876769
9988
27903957956
336373
34614069
113727
553968
18597973
32749
2202146
3322860
1561
60591
62905
1716
1056687
11130
40625
3842095
3861488
255
596329310
2276
5340
4116849
2054
5670
29249
917236886
1129
1501
14692
12469
9812
1774105
54459286
15361320
62181
902413
430601
35799
3494467
51691
62539
600488707
145721726
332175
14223471879
565858
427027
54439732
236070
186140
288162
111788720164
6196023
3660633
6349008
2418433
86914174
311724
263105194
15716615
66480
494123
73766
4137
16057294
152743
61425
360985600
24666983
68599
78760414970
2563676
552707
39205297
148234
31954
1054352
64145760515
8561196
1237854
42487664
2754917
228748307
33309
90072
11097
42188
452644
79851
33295
88505.9765625
1015635.875
11375.998046875
291553.875
452644
29254.984375
925801.6875
1005254.75
298135.90625
910907.625
29229
3772
229
1774
18209
65153
522
3158.998046875
30887.98828125
-3.999774932861328
4152.99853515625
13729
1750.99951171875
10190.9970703125
26657.986328125
2052.99951171875
9571.99609375
596
50205
54807156
3632995
148177
60582
15948894
0.0
1565122.5
76838.96875
1759830
333338
11926912932
980375
1938.99951171875
559.9999389648438
366841888.0
41739412
85715.9765625
596
90584
2737086
3728360
34789
79851
1056687
526.9998779296875
70512.96875
77990.96875
2737086
3728360
535001368
1056687
71514.96875
78537.9765625
15828820.0
535001368
15757098.0
596
67930
121174
3723967
942
72791
41153
166.99993896484375
2681.998779296875
79306.9765625
32380
738281
24804704
16394
328.9999084472656
7757.99658203125
649990.6875
908830
5799.998046875
10959
21426821
2712537
3676560
79662
6053427
6167152
58416
1052150
31148
71547
619928.6875
231108.921875
292295.875
8793.998046875
5501743912
5052664850
18631047
524530417
2409832
2954776
1436127482
5699168
5385663
858085
62525188.0
95686872.0
362143.875
24616994.0
98777.96875
160235.9375
1612423052492
5383224109
4664599508
488657174
1389418172
21465651200.0
65982400.0
60107100.0
9394493.0
1593915597881
18420801536.0
7972
416123
196751
217519
9921
2638909
3624412
48768
1056132
19995
60793
420706.875
200603.90625
243013.9375
4784.99755859375
30215448
35509433
113661
15012180
46721
79008
510775350
165958
328282
137842
42769876.0
50667428.0
69273.96875
21070132.0
34625.98828125
58973.9765625
4939100348
2869244
2841756
1030854
3679189
8610921472.0
1892277.5
2077455.25
907033.625
130188114
87013640.0
174305
33326
865125
11102
328064
3728360
57955
316252
67286
33326
865125
7760854.5
104311.9609375
1245351
316252
285037.875
8310.9970703125
19263062.0
172188.921875
454662
1245351
876320.75
24083.984375
57554044.0
491683.75
844702.625
13741974.0
34074.7734375
101473.9609375
1774712.75
50719184.0
-767670.3125
282555.9375
4353076.0
3274846.5
13302682.0
28256
28803
666440
4556
47828
183601
9723
156174
64342
12375
119851
429479.8125
22641.994140625
572851
29438
102215.96875
3136.99853515625
950382.75
37319.984375
91862
83029
292870.90625
9709.994140625
2352096.25
87702.0
234978.921875
842920.5625
7075.0
42293.98828125
375445.9375
2339738.25
204236.03125
128212.9609375
1175527.5
265998.90625
251241.125
1532
2957
58321
3847
62202
163757
11323
316252
79851
640
10043
21781.990234375
1443.9993896484375
133257
31875
82722.96875
4140.99853515625
1137449.625
58519.9765625
163757
5794
6628.994140625
1344.0
183777.953125
8980.99609375
22129.990234375
731961.125
22042.0
83595.96875
1108471.5
492409.75
36981.9765625
7443.99853515625
194048.9375
974447.625
40982.828125
65658
18301
4185
7995
998
430179
35623
559
63526
15003
2475
700093.8125
55486.9765625
1564
382
179689.9375
4749.998046875
22815.990234375
686.9996337890625
221968
974
334873.9375
11726.99609375
58714.9765625
1848.99951171875
361498.875
12124.99609375
86.99978637695312
53205.98046875
7928.99658203125
37431.984375
1489.9990234375
97482.9609375
18618.9921875
2511.99853515625
12497.99609375
4378
34640
671772
10988114
171050
529
10606
60597
34635
1613
25205
340146.875
4687.99755859375
209956
3045148.75
33972.98828125
47528976.0
665724.8125
10988114
2869
9270
125847.953125
1385.9996337890625
2009729.25
26684.9921875
340041.875
18245470.0
210572.921875
3056144.75
47741208.0
707198.75
11125.9921875
125524.9453125
2000771.25
18186840.0
675841.75
17103
24679
161741
7472581
53154
3043
11016
12763
18677
6935
26496
1041966.625
6601.9990234375
38729
1883132.75
9527.9951171875
10562360.0
57381.984375
203806
3997
12972
479555.875
3571.998046875
1617707.5
10615.998046875
33482.98828125
2758827.5
13639.994140625
53077.984375
277787.875
830977.75
5838.998046875
19170.990234375
77188.96875
156627.953125
32859.984375
161074
35199
167345
356034
170260
10545
86319
10684
809
30862
155051
327185.96875
159298.984375
33712
97741.96875
34068.98828125
339398.96875
162898.984375
356034
10145
29571
87352.9921875
29130.98828125
313728.96875
152922.984375
327903.875
92176.9921875
34182.98828125
97960.984375
339242.875
82151.9921875
29406.9921875
87306.96875
311378.875
92691.984375
82538.9921875
4460
22346
66548
7442989
42661
670
2637
10006
17166
1444
4460
260000.90625
111.99986267089844
22346
1746678.75
6011.998046875
4440345.0
18706.990234375
76983
670
1444
92606.96875
308.9998779296875
268243.90625
1074.9993896484375
1128.0009765625
1751050.875
5754.99853515625
16797.99609375
37809.984375
95964.9609375
434.9996337890625
157.00082397460938
2881.998779296875
17249.9921875
-536.001220703125
174305
33326
704085
862828
15900001
11102
303187
327152
71242
315611
1327972
33326
704085
862828
15911514.0
232285
1242977
3792483.75
4245830
70056416.0
81701672.0
71242
315611
1327972
2461248
232285
1242977
3795492.75
4245830
70142792.0
81672704.0
10257634
26417770.0
142332736.0
413747968.0
2461248
10257634
26575384.0
142307456.0
412906816.0
1117950336.0
1112036224.0
65647
18836
529790
589658
10238947
7258
211947
128465
65334
287359
1328246
14505
372882
230062
5649933.0
129075
495636
1720977.375
2786954
44064756.0
46808356.0
44651
75613
762635
2243020
99251
162684
1315370.5
1541181
32220752.0
19009828.0
3825442
11429849.0
45948612.0
226463040.0
507603
1219820
8802562.0
15151846.0
126975896.0
290839776.0
107314224.0
22212
32679
701779
673007
15818932
4664
64200
46899
71242
178630
983609
11134
134334
100438
2165674.25
227730
664648
3751126.0
3091669
69790240.0
64028264.0
29224
37735
280772
1354730
76119
97802
1237769.5
650689
13123829.0
9988663.0
5409092
25794014.0
77046200.0
303760384.0
246170
682253
8410493.0
11466600.0
64326840.0
596166336.0
77554168.0
174305
33326
174305
97054
15900001
11102
91976
33691
11102
130148
33691
33326
174305
97054
15879948.0
33326
520705
3844888.5
97054
15893070.0
9385291.0
11102
130148
33691
130148
33326
520705
3830936.5
97054
15913592.0
9358606.0
520705
3815583.5
58757116.0
9355694.0
130148
520705
3815914.75
58896800.0
9369293.0
59279696.0
58541792.0
134678
20522
2681
591108
9940949
10626
1038
319008
537
316252
10299
19618
2666
562905
9923294.0
1218
554063
1839586.75
28764
185535.9375
45846388.0
411
216565
8989
43278
1039
358992
1777933.75
24955
184480.9375
43975604.0
83851
83805.96875
46946812.0
1924493.125
8378
17430
77952.96875
33491676.0
1776391.375
4639742.0
1617154.25
78162
32941
664704
8289
15887427
10595
197778
1184
64479
597
10773
26711
410781
3495
8168314.0
206901
2861
3780088.5
52698
66539348.0
929026.75
60962
544
7129
4263
161596
1966
3183604.5
23662
43337348.0
386230.875
22304
23857082.0
310684.875
5921068.0
3773
13715
19405036.0
214120.90625
2732349.0
2631746.0
1724549.375
86053
704085
865125
207015
118732
409126
40508
1331347
79851
488583
302981
930222.875
85401.96875
4255848
700696
2113677.5
212031.96875
1922244.75
115216.96875
409126
2013844
5461939.0
473413.90625
5666073.0
374906.90625
947186.75
12063661.0
667053.75
2144170.75
1997081.75
37947520.0
2123462.0
5441446.5
5588819.0
11980284.0
38955812.0
58070
527280
589000
201156
112363
377700
30671
1331347
55970
321700
181841
595992.8125
42636.984375
2784147
665901
1982244.25
156554.96875
1746389.75
66384.984375
122301
1182515
3290529.0
224289.9375
2919716.5
142402.96875
183129.953125
10369746.0
420001.84375
610911.9375
352080.90625
18207698.0
966134.75
1033300.75
519020.78125
2042373.375
2880931.0
83428
174305
683288
41710
94239
425933
26496
262116
48141
83428
224227
924578.625
45282.98046875
683288
94239
432981.9375
27779.9921875
1745744.5
43725.9765625
86270
224227
929046.875
51142.984375
4531902.5
90308.9921875
179281.96875
1752723.75
45905.984375
88736.984375
183235.9375
4907137.5
92928.953125
168082.9375
388702.84375
186004.9375
458980.84375
30578
704085
97054
73582
25932
201916
11555
214245
71850
194727
65424
502540.8125
28713.98828125
704508
154585
1153282.5
65044.97265625
550359.8125
21947.9921875
138289
435424
3279475.5
179410.9375
1455377.5
63587.984375
337841.9375
3386993.75
117043.984375
819845.75
326143.90625
9780634.0
372439.90625
2211896.25
850886.8125
2047023.25
5264943.0
29284
704085
4010
74304
495
215690
12841
7927
79851
183554
1557
516735.875
28832.98828125
28377
4233
1233302.625
72636.984375
12803.99609375
553.9998779296875
215690
14143
3254740.75
178221.9375
47698.984375
2057.999755859375
511346.875
110540.9453125
3894.998779296875
1263359.625
13509.994140625
422373.875
10768.9921875
3244694.75
47977.984375
103815.953125
426721.875
20059
529790
590979
67005
71750
176721
7505
1331073
55147
127200
130442
316266.875
10752.9951171875
2792760
435449
1022585.75
41091.984375
1437091.875
41119.9921875
35682
893715
1882832.375
78428.9609375
2715138.5
77926.9609375
63565.984375
8710609.0
258063.875
202801.9375
195213.90625
18858058.0
392086.90625
442425.84375
393487.84375
1264124.625
2411979.0
1659783
160207
39797
1459345
657592
132712
12426
657592
260852417
62423
149025
1771584
263105194
69018
163513
2323452
10993960
170480
34664
10993951
11029918
166415
33533
10862842
591108
56533
134887
328064
201593.921875
591108
56665.98046875
232660.9375
15796144
73909
68130
758411
10223864
132504
79610
10223864
54725800
145895
49174
1356723
1008487
205970
10205
582617
54200975
178928
63604
4197329
293859
37249
160084.953125
2162683
34789
46273
2162683
2737086
27929
72152
1100297
704085
864796
174305
1330735
303187
327888
4254157
704085
864796
1330735
4254157
520457
456127
133397
985080
300288
262116
2016238
520457
456127
985080
2016238
783881
11015599
164047
171377
11436
32349
70306921
697548
10544032
129111
56359398
1787527
11030553
125725
372328
39132
28895
129983957
1100480
3412592
243679
40855663
1458221
7491903
47188
373777
32854
18280
100572053
224804
113650
53869
1490297
86810
865125
125349
40645
310335
81915.9765625
124321.9453125
345840.9375
115487
589044
271632
85857
414167
119858.9765625
266462.9375
360479.875
143872
443526
41935
79593
2815370.75
144749.96875
443526
2751576.0
371909
1056687
23113
450917
37799
66192
22611584
151229
204329
253539
3778084
260664622
11031325
57512
13983299
139728
17404
57449461905
1643026
141015
320887
11075893
166885001
7472486
80882
14111005
194813
29904
37978810501
5645148
949319
1861587
183537163
53580751
10790526
46532
2639317
40568
11735
10560550246
365522
48772
36614
569476
2087379
3203614
24368
991738
33690
77535
537352263
2087379
3203614
991738
537352263
2201378
3321285
24049
1056687
33891
77791
596251188
2169982
3271463
1012835
593169291
22016
529790
589751
134887
55626
53419
9794
1326706
303187
326887
136011
130027
22016
2786997
529790
589751
377582
55626
53419
1326706
978405
136011
130027
2786997
377582
978405
23304
529790
591108
134887
59832
60440
10423
1331347
303187
328064
145541
146248
23304
2793122
529790
591108
427169
59832
60440
1331347
1104151
145541
146248
2793122
427169
1104151
32645
642530
864063
174305
52257
64699
10032
1260416
272988
327650
185957
267713
32645
4040813
642530
864063
428079
52257
64699
1260416
1957551
185957
267713
4040813
428079
1957551
31229
704085
862828
174305
54502
56757
9549
1327972
303187
327152
194539
235437
31229
4245830
704085
862828
401079
54502
56757
1327972
1839326
194539
235437
4245830
401079
1839326
261938196
15833285
54402
16322646
136807
59312
79235427124
1423316
345737
739163
18382871
52345244
15674319
65943
3455248
49719
61057
13701953477
1031868
540560
341222
19424781
257948495
15329217
70030
15901240
162695
65776
76679643179
2697536
609782
1155518
43927632
22310877
1331833
1192
15975345
167503
68382
7234622392
49318
14309
1242771
986987
217448
977123
109665
31729
645020
161486.96875
64443.98828125
341232.84375
200802
1288522
130721
34830
759809
162334.953125
83972.96875
552846.75
674563
22618
6367202
35776
399188
65475
139036
64185580
181824
203957
1936953
54661696
258907
16318029
84828
3716905
75698
49191000
12317095804
14328073
3349913
11637523617
329862
47834
3129544
9739
191853
62746
80133
24863332
284345
70835
1116000
47376444
279018
16203910
47100
3115494
79851
47376444
11206879551
16203910
3115494
11206879551
1454263
281808
16322646
12912
216873
79838
1454263
154355934
16322611
216873
154355934
14104617
156020
16293878
19477
1053933
64907
442957
3133987157
1043962
120415
6351775
373623
21676
449327
10430
1046838
38533
11332
22564579
52993
23386
56205
14111005
281859
16322646
34789
1056687
79851
14111005
3136348028
16322646
1056687
3136348028
22210
21077
529790
468748
3711
74548
66189
52130
35692
989610
8938
142432
124001
130766
87697
2082832
23304
25523
415486
243903
61110
63711
878864
640157
184562
490921
25695
31580
691045
847176
3167
61284
56627
55293
66311
1228382
10594
160411
147586
194687
262343
3918357
19015
18097
334037
403975
69251
65948
988335
1730990
114676
454094
87913
35173
701334
681443
10666
212264
97099
63615
45487
989610
33535
502222
248888
219124
180486
3134682
60577
35452
564227
306302
207359
131280
1624890
1336950
226973
914210
167242
30379
697276
52606
10074
298469
62670
28359
659714
51050.97265625
203839
7838.99755859375
216526.9375
61674
185637
5311.0009765625
199492.921875
21314.998046875
61759.98046875
65529
22337322
35785
1933
2941291
19791
36915
590855
170323
771
141069729
328256
11279
209235331
315245
925
8924314
1284580
11044
58846
1374616477
2477892
12940
212898
2002061
2863626
1734830
51551247
459497
34546
836767
18269
25348
113681
32677
240
541576193
5909197
87396
480939244
108073
1299
2011745
72816
676
17147
3870790306
535358
7189
8772
5057
96484
263105194
15568550
508105
50973
15812416
599646
128316
40644
55320
427
78147491078
2738898533
1147749
138483693
295550
6607
124537262
642330
16468
3780
913283715750
11961136
785324
89399
234941
13971410
609866
162374170
10238947
4586
1198886
183858
741
15948847
18745
11599
832493707
58231423
881
47420998692
19761
7870
115569079
3017
1348
27920
203750648599
5222
2324
46217
6698
16698
28846
167312466
10238947
132712
61634
8897
866
16322646
281859
79851
23267235
1610002
28846
49002548446
167312466
10238947
3360391
61634
8897
16322646
2263957167
23267235
1610002
49002548446
3360391
2263957167
868002
256479273
15518956
57627
1427072
211843
9610
16322646
144407
61518
1581408582
101351830
119580
77821458190
1765715
410288
150888972
275324
69518
869316
422358560837
11874391
1885363
25103355
4229083
255355807
26352
25066
4058
11763
180943
79851
10033
25395.990234375
407555.84375
3654.998779296875
88715.96875
180943
8662.0
228905.953125
427436.875
91525.9765625
239185.921875
596
90109
2712537
3665459
34789
79206
1050170
709.9995727539062
71835.96875
78613.96875
2712537
3665459
522510304
1050170
73168.96875
78402.96875
15668474.0
522510304
15405818.0
166502
30009
865125
6879
264920
3483198
88461
291690
77692
18602
607655
6936501.5
158017.96875
1141338
56968
138005.953125
6802.99755859375
13916663.0
250254.90625
3483198
159813
339488.875
25605.99609375
33991828.0
661735.8125
6980275.0
1747423.25
126120.9296875
126732.9453125
13962032.0
6500267.0
470535.34375
382916.84375
34378704.0
1324552.0
5890844.0
20043
18089
529790
582959
10178277
132712
6218
71953
87809
62530
268505
1314885
78544
10139
125100
143102
1608506.875
21197.994140625
124141
466494
1622019.5
18842.994140625
2753908
43806900.0
512244.9375
45652092.0
583275.875
10178277
40467
133657
542064
2103120
68374
173718
918006.6875
10792.994140625
967844
10116317.0
118132.9453125
11523916.0
153076.9375
1610462.875
3618173
10965891.0
123748.96875
40134216.0
529051.5
1613011.75
222090128.0
2872067.5
43840676.0
45820608.0
959222
1178501
6090813.0
66663.953125
16633668.0
159656.15625
905082.6875
78967568.0
940548.5625
10142086.0
11655619.0
266864096.0
3104969.5
11038681.0
37999928.0
222886224.0
95715280.0
731799.4375
6117697.0
16665059.0
79262168.0
268214688.0
117413272.0
171647
30393
704085
865125
15900001
171470
8786
298827
299322
65334
287961
1331347
79851
25273
692309
742435
15696983.0
169602.984375
211971
1122938
3451129.0
33344.98828125
4255848
70139264.0
710910.875
81815464.0
833490.875
15900001
54737
119632
1177021
2247616
172885
390091
2827388.75
26824.990234375
3460806
69192544.0
678047.875
71539904.0
746404.875
15680094.0
9265894
23728426.0
192872.921875
127563480.0
1297270.625
3432107.5
414380608.0
4028698.5
70037944.0
82053888.0
797534
2793773
19065062.0
159692.9375
44821736.0
398326.78125
2831355.25
348709664.0
3480733.0
69060696.0
71439440.0
997272064.0
7958483.5
23867076.0
124032248.0
413827840.0
310963136.0
2519753.0
19152900.0
44183160.0
348205952.0
1006593024.0
310494944.0
64406
19912
527835
585989
10225026
132451
10683
215985
152614
69462
303416
1326566
79851
18316
361425
253217
5546715.5
65119.97265625
136431
520276
1837798.25
19942.994140625
2763952
44082004.0
510599.9375
46611180.0
568563.875
10225026
68389
300737
928622
2368493
121625
488680
1711563.75
18661.98828125
1677253
31230160.0
362577.875
21093508.0
254267.9375
5552137.5
4030299
12237244.0
131534.953125
44847456.0
512385.40625
1824947.75
225652144.0
2681107.0
43928988.0
46505540.0
2342248
3701478
11088910.0
150936.953125
38763244.0
273019.625
1701196.375
139516544.0
1682668.375
31203762.0
21216856.0
331438080.0
11358311.0
12292412.0
45124376.0
226608432.0
307451840.0
4287413.0
11268067.0
44723292.0
138282352.0
319973728.0
299848800.0
29236
29657
699208
668933
14929017
170249
6021
71359
55484
65334
164951
987389
75910
16583
185793
146285
2766498.25
28958.990234375
206697
600807
3230101.5
27425.98828125
3076706
65722368.0
672391.875
61085276.0
635567.875
14929017
38925
65432
339466
1251420
116033
186721
1792790.5
13793.99609375
1000676
17612046.0
189041.90625
14178533.0
144056.953125
2769077.0
4890045
22365392.0
195444.9375
68740440.0
466437.875
3242039.5
288857984.0
2991244.5
65703620.0
61310236.0
445535
1328499
12449633.0
97023.9765625
21887516.0
167728.96875
1789542.5
96659776.0
1026360.625
17556022.0
14206232.0
525300800.0
7513307.0
22540290.0
67766824.0
288848128.0
154685536.0
459477.0625
12526036.0
21491792.0
96303568.0
529738592.0
154652336.0
90677
704085
865125
217851
154617
451967
37022
1331347
64490
520351
427774
1063526.625
76246.9765625
4255848
948354
2395559.5
184502.96875
3366999.5
104123.9609375
210347
3005809
6265025.0
422038.875
10472596.0
292351.9375
470293.9375
21983514.0
661262.75
1097346.875
875990.75
68509776.0
2075221.625
2810847.25
2357976.0
5302293.0
17110718.0
90309
33859
210237
863038
10581
38637
150090
41977
12272
64243
357171
33758
117788
412822
92174.96875
51426
265135
1411723
12249
61687
10461.99609375
175223
38049.98828125
153235.9375
90846
51304
251465
36472.984375
668362
113301.9375
391121.9375
458451
87842
12269.9970703125
56809.98046875
173012.953125
438690
47548.984375
196747.0
515275.84375
76485.984375
452274.75
169983
33456
679915
853748
10494
289244
318561
89639
59178
68029
1179398
32546
659401
803828
161305.9375
204137
267839
3807034
58730
65064
10392.99609375
1156329
290358.9375
317063.875
396051
198082
248612
35744.984375
3482755
625203.75
765498.8125
1706906
387888
50022.98046875
95285.96875
1195019.75
1586326
213839.90625
291228.8125
2890831.5
378938.84375
973107.4375
