79851
10220614
1458075
1710141
7491903
428612
55900138
10972
286481.1875
36337035
9405
27201.96875
173407
704085
303005
698213
780683
169446
11630
780683
1227386
53564
32260
326559
263105194
49655
126748
1018612
10984892
64566
22669
315516
447953
20126
40
200
10223864
132504
79610
10223864
10234398
45485
55035
245567
596
2734033
94391.015625
11091
302620
63543
63500
11050
90414
15530.0029296875
291926
69617
255004.0625
288438
31965
14746.9990234375
2704241
32918
86112
2488080
1056687
20334
62294
144017
29072
433
62294
4582
173065
35157
670344
11077
261948
45464
35034
670154
176221
45455
176191
170249
32792
11102
77059
32792
155868.015625
12804.001953125
37267.00390625
36980622
242937
42543
84481
40496
244
272870860
256660
2489
1799
42036
289619
3660301
89863
79851
15777082.0
194998.0625
3660301
16226620.0
93000
206773
9872
60506
2467408.0
162915.046875
80977
750742.125
1187068
1056687
34789
1486002
37048
79851
232039659
1187068
1056687
1486002
232039659
368186
956304
28260
413771
38786
67113
19383482
239532
475290
298796
6672465
235010920
10967392
64129
12470361
140071
20007
52988984588
2038871
221701
425598
19402569
263105194
505601
19556
593512
62790
40
2724339544
157483
200
440
6299
2201378
3321285
24049
1056687
33932
77791
596251188
2169982
3271463
1012835
593169291
346990
10238947
92013
41772
913
68895
91539518
70700
1984289
18346
3169724
345663
10238947
46989
41442
381
57353
91443369
4204
261931
5397
52313
35295
642583
865125
59346
69701
1057588
206322
282841
3439778
371988
1633681
1423047
9976404
130707
443440
42002
79006
105742741
1423047
9976404
443440
105742741
69114343
10235746
48758
6011297
16892
58111
19491642584
194277
281119
103411
2034610
9249
41873
3544708
58078
6261.0078125
209353.015625
190339
51667.0
560
1091
22791
53752
-1999.000244140625
13798.005859375
5044
-3228.0009765625
213642
1331347
150600
41569
915414
211175.046875
130978.0234375
699195.0
916826
38775
452527
60142
3728285
68676
404170
58846511
264252
550289
7661811
1236745
130349
15878293
8538
190399
58524
181951
120985656
659318
51156
2101105
2639317
1816
3591110
574
1048797
2560
1291
503641171
6576
2275
6272
25695
31580
691045
847176
3167
61284
56627
55293
66311
1228382
10594
160411
147586
194687
262343
3918357
19015
18097
334037
403975
69251
65948
988335
1730990
114676
454094
535671
1794583
356545
171470
131564
4636
9880
14444
42167
810
25576010
1320425
535671
4581217
1794583
356545
222147
131564
4636
14444
60601561
25576010
1320425
4581217
222147
60601561
393181
15890691
11026771
20475
24105
18817
53
1056687
26948
5321
118159201
66690469
222
2809685334
52366
3672
3829734
120
16
4930
21963242042
813
58
11645
56
224
11575234
71021
3244883
8862
83727
3589712
65951
28435
649
67832
86718696
3183702582
666674
20762610
3254
201495
16621776
18142
876769
9988
27903957956
336373
34614069
113727
553968
18597973
32749
2202146
3322860
1561
60591
62905
1716
1056687
11130
40625
3842095
3861488
255
596329310
2276
5340
4116849
2054
5670
29249
917236886
1129
1501
14692
12469
9812
1774105
54459286
15361320
62181
902413
430601
35799
3494467
51691
62539
600488707
145721726
332175
14223471879
565858
427027
54439732
236070
186140
288162
111788720164
6196023
3660633
6349008
2418433
86914174
311724
263105194
15716615
66480
494123
73766
4137
16057294
152743
61425
360985600
25113011
68599
78760414970
2563676
552707
39205297
148234
31954
1054352
64145760515
8561196
1237854
42487664
2754917
228748307
33309
90072
11072
42188
452644
79851
33295
75400.0078125
1194025.25
9134.0009765625
333624.0
452644
5374.0244140625
570100.0
956709.125
307182.0625
1170426.0
29229
3772
229
1774
18209
65153
522
-2727.002197265625
-13819.986328125
-2655.000732421875
279.001953125
13729
941.001953125
61101.015625
1052.0
-2407.003173828125
-29604.994140625
596
50205
54807156
3632995
148177
60582
15948894
409.999755859375
1530161.125
80063.015625
1759830
333338
11926912932
980375
6542.0029296875
-778.9999389648438
370414304.0
41739412
192812.1875
596
90584
2737086
3728360
34789
79851
1056687
2793.000732421875
79911.0078125
89365.015625
2737086
3728360
535001368
1056687
70411.0
73334.0078125
15573079.0
535001368
18296076.0
596
67930
121174
3723967
942
72791
41153
-837.000244140625
2741.00048828125
80287.0078125
32380
738281
24804704
16394
603.0001220703125
9260.9970703125
619256.0
908830
13798.9951171875
10959
21426821
2712537
3676560
79662
6053427
6167152
58416
1052150
31148
71547
750738.9375
176323.015625
233707.03125
8930.0078125
5501743912
5052664850
18631047
524530417
2409832
2954776
1436127482
5699168
5385663
858085
308854944.0
218084512.0
294389.90625
17496442.0
321534.0625
368335.0625
1612423052492
5383224109
4664599508
488657174
1389418172
8991397888.0
70007056.0
257393248.0
5350094.5
1593915597881
-31898118144.0
7972
416123
196751
217519
9921
2638909
3624412
48768
1056132
19995
60793
515686.0
145929.984375
263433.0
15761.0
30215448
35509433
113661
15012180
46721
79008
510775350
165958
328282
137842
20238908.0
69084064.0
56819.0234375
19109488.0
41288.99609375
45048.0078125
4939100348
2869244
2841756
1030854
3679189
12130319360.0
1512301.125
2304549.0
1298583.0
130188114
69234336.0
174305
33326
865125
11102
328064
3728360
57955
316252
67286
33326
865125
7895753.0
113781.9765625
1245351
302219
315263.03125
10644.0068359375
20551262.0
162883.03125
454662
1245351
446604.375
34280.04296875
52527688.0
153499.703125
992691.25
-2986086.5
787432.8125
89377.0390625
1797568.375
9973762.0
-5648944.5
279305.03125
286434.125
3936850.25
18312898.0
28256
28803
666440
4556
47828
183601
9723
156174
64342
12375
119851
333498.96875
35994.0078125
572851
29438
118049.015625
4367.0029296875
555458.0625
42235.0
91862
83029
148736.984375
33916.0078125
-1504473.0
255122.90625
216796.03125
1983185.75
82610.140625
10217.9931640625
442041.0625
-3281395.25
-1240305.0
241438.0625
1090121.375
1292010.75
-3695608.25
1532
2957
58321
3847
62161
163757
11323
316252
79851
640
10043
18526.0
1040.0010986328125
133257
31875
68836.0234375
-1838.99951171875
1085056.25
40891.02734375
163757
5794
-9101.005859375
1368.0
169300.03125
13675.015625
16164.0009765625
2530664.75
42975.96875
60600.98046875
1001019.1875
-965917.4375
308788.84375
18568.0
202753.0625
3336957.0
-2070750.75
65658
18301
4185
7995
998
430179
35623
559
63526
15003
2475
1044873.125
61918.015625
1564
382
207237.0625
964.000244140625
23856.00390625
1967.000732421875
221968
974
312662.0
-21728.0078125
85038.0
7899.998046875
414309.0
-15721.0029296875
1190.000732421875
52662.0
10839.001953125
41771.02734375
-8640.00390625
228614.0625
10680.0048828125
8950.9970703125
-6711.98193359375
4378
34640
671772
10988114
171050
529
10606
60597
34635
1613
25205
320614.0625
-48.0023193359375
209956
3223259.25
35387.0078125
47495580.0
885402.9375
10988114
2869
9270
132397.015625
3360.001708984375
1418321.125
15002.009765625
368367.0625
18311514.0
242518.015625
2908174.25
48485600.0
740510.125
-7493.994140625
99179.015625
2068019.25
16850484.0
600084.125
17103
24679
161741
7472581
53154
3043
11016
12763
18677
6935
26496
948079.0625
2855.0048828125
38729
1855413.125
-1626.9970703125
9856137.0
17417.01953125
203806
3997
12972
443920.0625
3139.00341796875
1780521.125
2131.00048828125
14781.998046875
2580830.25
25724.9921875
36414.015625
230689.03125
952188.0625
1349.9931640625
8597.001953125
-28898.02734375
214947.03125
74748.0
161074
35199
167345
356034
170260
10545
86288
10684
809
30862
155051
321923.03125
114209.0390625
33712
99637.0078125
8403.99609375
332802.0
156037.03125
356034
10145
29571
92248.0078125
37068.99609375
328741.03125
138426.015625
339930.03125
94357.0078125
22466.00390625
97502.015625
346709.03125
82509.0078125
27817.00390625
90005.0078125
313306.03125
96936.0078125
84595.0078125
4460
22346
66548
7442989
42661
670
2637
10006
17166
1444
4460
256371.015625
-4393.0029296875
22346
1723567.125
37488.0078125
4289247.5
19611.001953125
76983
670
1444
77596.015625
-2553.001220703125
223964.015625
-3820.001953125
391.9967041015625
1758695.125
7980.00048828125
-21548.98828125
142889.03125
66027.0234375
1505.999755859375
2296.9970703125
-16531.0078125
95699.0234375
10339.0029296875
174305
33326
704085
862828
15900001
11102
303187
327152
71242
315611
1327972
33326
704085
862828
15854251.0
232285
1242977
3744003.25
4245830
69706912.0
81505864.0
71242
315611
1327972
2461248
232285
1242977
3821421.25
4245830
69680984.0
80846688.0
10257634
24544260.0
179091840.0
422614880.0
2461248
10257634
27123260.0
128182128.0
405268320.0
1326429696.0
892334464.0
65647
18836
529790
589658
10238947
7258
211947
128465
65334
287359
1332232
14505
372882
230062
5610430.5
129075
495636
2034017.125
2786954
44619552.0
45713240.0
44651
75613
762635
2243020
99251
161944
1387539.25
1541181
32628180.0
19274308.0
3825442
11936864.0
51346512.0
224038512.0
507603
1219820
8368236.5
15732418.0
122859936.0
288973024.0
102690104.0
22212
32679
701779
673007
15818932
4664
64200
46899
71242
178630
983609
11134
134334
100438
2077923.125
227730
664648
3853213.5
3091669
68720432.0
63499548.0
29224
37735
280772
1354730
76119
97802
1198782.125
650689
13194723.0
9651883.0
5409092
27678708.0
73614200.0
298483456.0
246170
682253
8645301.0
11756895.0
65575328.0
517800704.0
70996016.0
174305
33251
174305
97054
15900001
11102
91976
33691
11102
130148
33691
33326
174305
97054
15974010.0
33326
520705
3855048.5
96651
15890325.0
9859214.0
11102
130148
33691
130148
33326
520705
3888697.5
97054
15877791.0
9338992.0
520705
3808362.5
54979052.0
9447920.0
130148
520705
3418090.5
48496772.0
9553363.0
46884716.0
63178184.0
134678
20522
2681
591108
9940949
10626
1038
319008
537
316252
10299
19618
2666
562905
9802859.0
1218
554063
1826798.25
28764
190694.03125
46847540.0
411
216565
8989
43278
1039
358992
1585164.25
24955
211778.03125
43503656.0
83851
91071.0078125
27823796.0
1785738.25
8378
17430
39467.9765625
30016564.0
2122509.25
-3675403.5
1271675.25
78162
32941
664704
8289
15887427
10595
197778
1184
64479
597
10773
26711
410781
3495
8218272.0
206901
2861
3849355.25
52698
67952664.0
913518.0
60962
544
7129
4263
161596
1966
3193997.5
23662
43872740.0
370649.0
22304
24642360.0
338028.0
5859899.5
3773
13715
17810586.0
218293.03125
2661418.25
3397112.25
1443023.125
86053
704085
865125
207015
118732
409126
40508
1331347
79851
488583
302981
869580.125
103857.015625
4255848
700696
1946027.25
209783.0
1878528.25
136219.046875
409126
2013844
5422457.5
366686.0
4203799.0
16498.0625
874183.125
15175847.0
481433.34375
2098821.25
1973547.25
48175652.0
2480485.5
4047838.5
1075858.375
9802313.0
42759136.0
58070
527280
589000
201156
112363
377700
30671
1331347
55970
321700
181841
492651.1875
37698.0078125
2784147
665901
2125636.0
147369.0
1775244.0
-38637.0234375
122301
1182515
3516318.5
-29595.13671875
1807340.0
286304.03125
220995.0625
9860852.0
895662.4375
631579.0625
487323.96875
11944365.0
1924750.25
501976.125
868782.75
1091419.75
4051854.75
83428
174305
683288
41710
94239
425933
26496
262116
48141
83428
224227
1097285.25
61073.00390625
683288
94239
388425.0
14312.001953125
1695276.375
48088.0
86270
224227
1187953.125
82328.0234375
4284674.0
-228602.96875
219983.03125
1824769.25
94535.96875
64935.0234375
209761.96875
8836131.0
-83786.25
145509.03125
-210639.9375
192968.90625
214979.796875
30578
704085
97054
73582
25932
201916
11555
214245
71850
194727
65424
555677.0625
29439.0
704508
154585
1214159.0
68223.0078125
461483.0625
43863.0078125
138289
435424
2410755.25
63206.0078125
1241820.125
60388.9765625
313573.0625
3387179.5
107339.96875
768948.125
345079.03125
11276858.0
-938564.0625
2722244.5
1034968.125
2571152.25
10388549.0
29284
704085
4010
74304
495
215690
12841
7927
79851
183554
1557
357762.0625
14583.98828125
28377
4233
1390172.125
52716.0078125
15561.9990234375
337.0002746582031
215690
14143
3470268.75
165585.015625
51820.00390625
-1432.001220703125
715905.1875
87391.0
3963.99951171875
1286232.125
21147.001953125
836961.125
13578.0087890625
3435928.0
35664.015625
134933.015625
323326.0625
20137
529790
588557
67005
71750
176721
7505
1331073
55147
127200
130442
304326.0625
14330.9892578125
2792760
435449
950152.1875
38865.0
1479636.125
32169.0078125
35682
893715
1906770.5
98643.0
1421523.375
8404.962890625
48894.9921875
8689810.0
-142388.953125
215714.046875
212332.984375
6803337.5
553791.875
214012.09375
88637.2421875
1375179.5
-62147.25
1659783
160207
39797
1459345
657592
132712
12426
657592
260852417
62423
149025
1771584
263105194
69018
163513
2323452
10993960
170480
34664
10993951
11029918
165271
33533
10862842
591108
56533
134887
328064
-152904.9375
591108
60000.015625
184810.125
15796144
73909
68130
758411
10223864
132504
79610
10223864
54725800
145895
49174
1356723
1008487
205970
10205
582617
54200975
178928
63604
4197329
293859
37249
132701.03125
2162683
34976
46273
2162683
2737086
27929
72152
1100297
704085
864796
174305
1330735
303187
327888
4254157
704085
864796
1330735
4254157
520457
456127
133397
985080
300288
262116
2016238
520457
456127
985080
2016238
783881
11015599
164047
171377
11436
32349
70306921
697548
10544032
129111
56359398
1787527
11030553
125725
372328
39132
28895
129983957
1100480
3412592
243679
40855663
1458221
7491903
47188
373777
32854
18280
100572053
224804
113650
53869
1490297
86810
865125
125349
40645
310335
40131.01171875
121913.0
632475.125
115487
589044
271632
85857
414167
84606.0234375
250648.0625
588500.0625
143872
443526
41935
79593
3260526.5
80906.03125
443526
2531317.0
371909
1056687
23113
450917
37799
66192
22611584
151229
212105
253539
3778084
260664622
11031325
57512
13983299
139728
17404
57449461905
1643026
141015
320887
11075893
166885001
7472486
80882
14111005
194813
29904
37978810501
5645148
949319
1861587
183537163
53580751
10790526
46532
2639317
40568
11735
10560550246
365522
48772
36614
569476
2087379
3203614
24368
991738
33690
77535
537352263
2087379
3203614
991738
537352263
2201378
3321285
24049
1056687
33891
77791
596251188
2169982
3271463
1012835
593169291
22016
529790
589751
134887
55626
53419
9794
1326706
303187
326887
136011
130027
22016
2786997
529790
589751
377582
55626
53419
1326706
978405
136011
130027
2786997
377582
978405
23304
529790
591108
134887
59832
60440
10423
1331347
303187
328064
145541
146248
23304
2793122
529790
591108
427169
59832
60440
1331347
1104151
145541
146248
2793122
427169
1104151
32645
642530
864063
174305
52257
64699
10032
1260416
272988
327650
185957
267713
32645
4040813
642530
864063
428079
52257
64699
1260416
1957551
185957
267713
4040813
428079
1957551
31229
704085
862828
174305
54502
56757
9549
1327972
303187
327152
194539
235437
31229
4245830
704085
862828
401079
54502
56757
1327972
1839326
194539
235437
4245830
401079
1839326
261938196
15833285
54402
16322646
136807
59312
79235427124
1423316
345737
739163
18382871
48358877
15674319
65943
3455248
49719
61057
13701953477
1031868
540560
341222
19424781
257948495
15329217
70030
15901240
162695
65776
76679643179
2697536
609782
1155518
43927632
22310877
1331833
1192
15975345
167503
68382
7234622392
49318
14309
1242771
986987
217448
977123
109665
31729
645020
117793.9921875
59675.0
954930.25
200802
1288522
130721
34830
775215
163362.015625
204560.0625
458304.3125
674563
22618
6367202
35776
399188
65475
139036
64185580
181824
203957
1936953
54703318
258907
16318029
84828
3716905
75698
49191000
12317095804
14328073
3349913
11637523617
329862
47834
3129544
9739
191853
62746
80133
24863332
284345
70835
1116000
47376444
279018
16203910
47100
3115494
79851
47376444
11206879551
16203910
3115494
11206879551
1454263
281808
16322646
12912
216873
79838
1454263
154355934
16322611
216873
154355934
14104617
156020
16293878
19477
1053933
64907
442957
3133987157
1043962
120415
6351775
373623
21676
449327
10430
1046838
38533
11332
22564579
52993
23386
56205
14111005
281859
16322646
34789
1056687
79851
14111005
3136348028
16322646
1056687
3136348028
22210
21077
529790
468748
3711
74548
66189
52130
35692
989610
8938
142432
124001
133248
87697
2082832
23304
25523
415486
243903
61110
63711
878864
640157
184562
490921
25695
31580
691045
847176
3167
61284
56627
55293
66311
1228382
10594
160411
147586
194687
262343
3918357
19015
18097
334037
403975
69251
65948
988335
1730990
114676
454094
87913
35173
701334
681443
10666
212264
97099
63615
45487
989610
33535
504551
248888
219124
180486
3134682
60577
35452
564227
306302
207359
131280
1624890
1336950
226973
914210
167242
30379
697276
52606
10074
298469
62670
28359
659714
70760.0
203839
5654.009765625
256087.046875
61674
185637
-1882.99609375
268488.0
-128936.984375
244717.0625
65529
22337322
35785
1933
2941291
19791
36915
590855
170323
771
141069729
328256
11279
209235331
315245
925
8924314
1284580
11044
58846
1374616477
2477892
12940
212898
2002061
2863626
1734830
51551247
459497
34546
836767
18269
25348
113681
32677
240
541576193
5909197
87396
480939244
108073
1299
2011745
72816
676
17147
3870790306
535358
7189
8772
5057
96484
263105194
15568550
508105
50973
15812416
599646
128316
40644
55320
427
78147491078
2738898533
1147749
138483693
295550
6607
124537262
642330
16468
3780
913283715750
11961136
785324
89399
234941
13971410
609866
162374170
10238947
4586
1198886
183858
741
15948847
18745
11599
832493707
58231423
881
47420998692
19761
-3244030
115569079
3017
1348
27920
203750648599
5222
2324
46217
6698
16698
28846
167312466
10238947
132712
61634
8897
866
16322646
281859
79851
23267235
1610002
28846
49002548446
167312466
10564385
3360391
61634
8897
16322646
2263957167
23267235
1610002
49002548446
3360391
2263957167
868002
256479273
15518956
57627
1427072
211843
9610
16322646
144407
61518
1581408582
101351830
119580
77821458190
1765715
410288
150888972
275324
69518
869316
422358560837
11874391
1885363
25103355
4229083
255355807
26352
25066
4058
11763
180943
79851
10033
20843.99609375
406710.09375
7369.00439453125
67619.03125
180943
12501.998046875
23637.98828125
549481.0
101144.015625
225901.0
596
90109
2712537
3665459
34789
79206
1050170
-314.99993896484375
66750.0078125
70572.0078125
2712537
3665459
522510304
1050170
72193.0078125
81103.015625
14274212.0
522510304
15514516.0
166502
30009
865125
6879
264920
3483198
88461
291690
77692
18602
607655
7551133.5
148055.015625
1141338
56968
87126.046875
-6614.998046875
13524598.0
102923.046875
3483198
159813
282557.875
39592.0078125
33610756.0
848796.125
7331477.5
3099506.75
-1063814.5
294507.0
13368398.0
-45599616.0
2517627.75
973263.5
40418480.0
-128946.4375
-51987160.0
20043
18089
529790
582959
10178277
132712
6218
71953
87863
62530
268505
1314885
78544
10139
125100
143102
1660176.0
20999.998046875
124141
466494
1678619.125
23436.0078125
2753908
44675800.0
501582.0
45733524.0
626309.0
10178277
40467
133657
542064
2103120
68374
173718
997231.125
3682.99462890625
967844
10275195.0
142864.03125
11609730.0
264314.03125
1650282.125
3618173
12497916.0
247947.890625
59243788.0
-3672807.75
1618552.125
219809360.0
2848828.25
44429976.0
45336732.0
959222
1178501
4044723.5
80560.046875
45564848.0
-931302.875
1103860.125
83118328.0
-335315.96875
9985728.0
12021184.0
211872336.0
15544677.0
11273280.0
40074496.0
223290240.0
57706456.0
12227832.0
5175110.0
24236312.0
77033624.0
401484064.0
100469656.0
171647
30393
704085
865125
15900001
171470
8786
298827
299322
65334
287961
1331347
79851
25273
692309
742435
15499556.0
157585.015625
211971
1122938
3664921.0
17445.9921875
4255848
69966488.0
693448.125
81334352.0
720758.0
15900001
54737
119632
1177021
2247616
172885
406039
2894350.25
28590.986328125
3460806
70148776.0
794723.0
88657400.0
785344.125
15758666.0
9265894
25077794.0
82654.859375
134676880.0
-4385520.0
3284729.25
417442816.0
3220975.25
70452384.0
81686336.0
797534
3796531
19446714.0
66198.9375
47290820.0
841371.25
2896761.5
350363904.0
3665699.5
69052984.0
71406800.0
1227841024.0
-18188454.0
23058130.0
120417808.0
404693120.0
312687200.0
8351870.0
18525260.0
38543092.0
350372256.0
1037822016.0
323168448.0
64406
19912
527835
585989
10225026
132451
10683
215985
152614
69462
303416
1326566
79851
18316
361425
253217
5485461.5
61965.00390625
136431
520276
1964948.25
28055.99609375
2763952
44272688.0
403013.03125
45237204.0
582292.0625
10225026
67680
300737
928622
2368493
121625
488680
1825329.25
16610.01171875
1677253
32141660.0
223972.03125
22307354.0
72158.078125
5550091.5
4030299
12880468.0
17237.96875
20002170.0
7867270.0
1910330.0
217513696.0
2370557.0
43484196.0
46630524.0
2342248
3701478
10148054.0
84904.0
43452196.0
439496.75
1886565.25
145663648.0
1278491.25
31902982.0
21266514.0
638270080.0
19909056.0
14128960.0
41715780.0
228886080.0
323318208.0
22524760.0
11371729.0
40355296.0
168601968.0
253277696.0
387983040.0
29236
29657
699208
668933
14929017
170249
6021
71359
55484
65334
164951
991212
75910
16583
185793
146285
2739061.25
20242.0078125
206697
600807
3317567.5
24210.0234375
3076706
65559700.0
528660.1875
61499664.0
778211.25
14929017
38925
65432
339466
1251420
116033
186721
1746810.25
35565.0078125
1000676
17849682.0
113822.0234375
14175621.0
60717.015625
2856803.25
4890045
22715220.0
120317.140625
75440152.0
1671349.5
3321621.25
291416896.0
5394764.0
66738644.0
59882848.0
445535
1328499
12805205.0
249676.078125
21750710.0
309041.3125
1676437.25
92494400.0
212377.078125
17162862.0
14556089.0
570724928.0
-19275706.0
21587242.0
75605008.0
275244672.0
188919104.0
1372528.5
12241603.0
23056372.0
95846704.0
543336576.0
153328160.0
90677
704085
865125
217851
154617
451967
37022
1331347
64490
520351
427774
1055777.0
36939.01953125
4255848
948354
2480579.5
153894.03125
3266734.5
17216.978515625
210347
3005809
6803920.0
176878.9375
12554576.0
-688895.3125
534828.9375
20788492.0
1174931.0
918786.125
571143.0
91105040.0
1693390.25
2036752.0
2030884.0
5279313.0
16896384.0
90309
33859
210237
863038
10581
38637
150090
41977
12272
64243
357171
33758
117788
412822
119621.046875
51426
265135
1411723
12249
61687
8715.001953125
175223
55220.00390625
95854.015625
90846
51304
251465
19179.00390625
668362
81629.9921875
418732.1875
458451
87842
14753.00390625
-51357.9609375
19897.109375
438690
154383.09375
-540843.1875
1963633.875
184683.015625
757882.375
169983
33456
679915
853748
10494
289244
318561
89639
59178
68029
1179398
32546
659401
803828
229470.03125
204137
267839
3807034
58730
65064
12922.0009765625
1156329
261104.03125
380564.09375
396051
198082
248612
12217.0126953125
3482755
682495.125
1655021.25
1706906
387888
86291.0
33453.96875
1253586.875
1586326
546730.0
410873.21875
8611785.0
-793171.875
3820381.5
